"104年03月02日 價格指數(臺灣證券交易所)"
"指數","收盤指數","漲跌(+/-)","漲跌點數","漲跌百分比(%)","特殊處理註記",
"寶島股價指數","11,120.29","-","20.17","-0.18","",
"發行量加權股價指數","9,601.36","-","20.74","-0.22","",
"臺灣50指數","6,991.31","-","30.04","-0.43","",
"臺灣中型100指數","7,694.68","+","27.69","0.36","",
"臺灣資訊科技指數","8,525.40","-","37.41","-0.44","",
"臺灣發達指數","8,149.99","-","0.09","---","",
"臺灣高股息指數","6,054.71","+","20.88","0.35","",
"臺灣就業99指數","5,762.41","-","7.06","-0.12","",
"臺灣高薪100指數","5,232.96","-","12.89","-0.25","",
"臺灣企業經營101指數","6,126.20","-","11.18","-0.18","",
"臺灣低波動高股息指數","1,456.44","-","3.16","-0.22","",
"未含金融保險股指數","8,109.42","-","13.37","-0.16","",
"未含電子股指數","13,576.27","-","37.79","-0.28","",
"未含金融電子股指數","11,670.22","-","19.64","-0.17","",
"水泥窯製類指數","571.95","-","1.30","-0.23","",
"塑膠化工類指數","809.49","-","4.64","-0.57","",
"機電類指數","2,168.70","-","3.43","-0.16","",
"水泥類指數","145.35","-","0.22","-0.15","",
"食品類指數","1,254.13","-","2.05","-0.16","",
"塑膠類指數","223.33","-","2.25","-1.00","",
"紡織纖維類指數","553.41","-","3.28","-0.59","",
"電機機械類指數","163.53","-","0.01","-0.01","",
"電器電纜類指數","37.60","-","0.06","-0.16","",
"化學生技醫療類指數","104.51","+","0.22","0.21","",
"化學類指數","103.03","+","0.75","0.73","",
"生技醫療類指數","74.95","-","0.36","-0.48","",
"玻璃陶瓷類指數","57.33","-","0.33","-0.57","",
"造紙類指數","165.93","-","0.13","-0.08","",
"鋼鐵類指數","100.35","-","0.27","-0.27","",
"橡膠類指數","381.77","+","0.79","0.21","",
"汽車類指數","333.74","+","0.79","0.24","",
"電子類指數","385.60","-","0.63","-0.16","",
"半導體類指數","128.40","-","0.39","-0.30","",
"電腦及週邊設備類指數","108.33","+","0.68","0.63","",
"光電類指數","41.32","-","0.92","-2.18","",
"通信網路類指數","122.02","-","0.05","-0.04","",
"電子零組件類指數","95.58","+","1.13","1.20","",
"電子通路類指數","119.55","-","0.31","-0.26","",
"資訊服務類指數","101.87","-","0.51","-0.50","",
"其他電子類指數","81.33","-","0.05","-0.06","",
"建材營造類指數","290.11","-","1.14","-0.39","",
"航運類指數","95.74","+","1.12","1.18","",
"觀光類指數","122.43","-","0.23","-0.19","",
"金融保險類指數","1,109.85","-","6.06","-0.54","",
"貿易百貨類指數","248.55","+","3.13","1.28","",
"油電燃氣類指數","88.34","-","1.33","-1.48","",
"其他類指數","269.91","+","1.29","0.48","",
"價格指數(跨市場)"
"指數","收盤指數","漲跌(+/-)","漲跌點數","漲跌百分比(%)","特殊處理註記",
"價格指數(臺灣指數公司)"
"指數","收盤指數","漲跌(+/-)","漲跌點數","漲跌百分比(%)","特殊處理註記",
"報酬指數(臺灣證券交易所)"
"報酬指數","收盤指數","漲跌(+/-)","漲跌點數","漲跌百分比(%)","特殊處理註記",
"寶島股價報酬指數","11,456.00","-","20.79","-0.18","",
"發行量加權股價報酬指數","14,620.23","-","31.59","-0.22","",
"臺灣50報酬指數","10,767.65","-","46.26","-0.43","",
"臺灣中型100報酬指數","11,013.64","+","39.63","0.36","",
"臺灣資訊科技報酬指數","12,435.62","-","54.58","-0.44","",
"臺灣發達報酬指數","11,365.99","-","0.12","--","",
"臺灣高股息報酬指數","9,976.87","+","34.40","0.35","",
"臺灣就業99報酬指數","6,541.29","-","8.02","-0.12","",
"臺灣高薪100報酬指數","5,275.57","-","12.99","-0.25","",
"臺灣企業經營101報酬指數","6,544.17","-","11.94","-0.18","",
"臺灣低波動高股息報酬指數","2,859.70","-","6.23","-0.22","",
"未含金融電子股報酬指數","17,939.27","-","30.20","-0.17","",
"水泥類報酬指數","192.34","-","0.30","-0.16","",
"食品類報酬指數","1,450.93","-","2.37","-0.16","",
"塑膠類報酬指數","277.81","-","2.81","-1.00","",
"紡織纖維類報酬指數","677.75","-","4.01","-0.59","",
"電機機械類報酬指數","196.29","-","0.02","-0.01","",
"電器電纜類報酬指數","42.07","-","0.08","-0.19","",
"化學生技醫療類報酬指數","126.77","+","0.26","0.21","",
"化學類報酬指數","127.61","+","0.93","0.73","",
"生技醫療類報酬指數","86.92","-","0.41","-0.47","",
"玻璃陶瓷類報酬指數","61.11","-","0.36","-0.59","",
"造紙類報酬指數","192.42","-","0.15","-0.08","",
"鋼鐵類報酬指數","123.90","-","0.33","-0.27","",
"橡膠類報酬指數","452.51","+","0.93","0.21","",
"汽車類報酬指數","388.47","+","0.91","0.23","",
"電子類報酬指數","537.35","-","0.88","-0.16","",
"半導體類報酬指數","171.89","-","0.53","-0.31","",
"電腦及週邊設備類報酬指數","155.23","+","0.97","0.63","",
"光電類報酬指數","48.79","-","1.07","-2.15","",
"通信網路類報酬指數","186.87","-","0.08","-0.04","",
"電子零組件類報酬指數","130.94","+","1.55","1.20","",
"電子通路類報酬指數","175.17","-","0.45","-0.26","",
"資訊服務類報酬指數","153.84","-","0.75","-0.49","",
"其他電子類報酬指數","94.37","-","0.06","-0.06","",
"建材營造類報酬指數","376.36","-","1.48","-0.39","",
"航運類報酬指數","112.47","+","1.32","1.19","",
"觀光類報酬指數","135.27","-","0.26","-0.19","",
"金融保險類報酬指數","1,382.41","-","7.54","-0.54","",
"貿易百貨類報酬指數","289.38","+","3.65","1.28","",
"油電燃氣類報酬指數","104.81","-","1.58","-1.49","",
"其他類報酬指數","345.00","+","1.66","0.48","",
"報酬指數(跨市場)"
"報酬指數","收盤指數","漲跌(+/-)","漲跌點數","漲跌百分比(%)","特殊處理註記",
"報酬指數(臺灣指數公司)"
"報酬指數","收盤指數","漲跌(+/-)","漲跌點數","漲跌百分比(%)","特殊處理註記",
"104年03月02日 大盤統計資訊"
"成交統計","成交金額(元)","成交股數(股)","成交筆數",
"1.一般股票","86,729,070,619","2,230,759,361","754,049",
"2.台灣存託憑證","116,154,120","21,980,737","3,667",
"3.受益憑證","0","0","0",
"4.ETF","3,783,940,139","124,659,577","22,861",
"5.受益證券","38,617,582","2,180,200","167",
"6.變更交易股票","45,977,687","4,845,504","1,094",
"7.認購(售)權證","2,116,127,080","2,074,780,000","55,521",
"8.轉換公司債","0","0","0",
"9.附認股權特別股","0","0","0",
"10.附認股權公司債","0","0","0",
"11.認股權憑證","0","0","0",
"12.公司債","0","0","0",
"13.ETN","0","0","0",
"14.創新板股票","0","0","0",
"15.創新板-變更交易方法股票","0","0","0",
"證券合計(1+6+14+15)","86,775,048,306","2,235,604,865","755,143",
"總計(1~15)","92,829,887,227","4,459,205,379","837,359",
"漲跌證券數合計"
"類型","整體市場","股票",
"上漲(漲停)","2,092(16)","301(9)",
"下跌(跌停)","3,565(52)","441(1)",
"持平","461","106",
"未成交","4,064","4",
"無比價","958","2",
"備註:"
""漲跌價差"為當日收盤價與前一日收盤價比較。",
""無比價"含前一日無收盤價、當日除權、除息、新上市、恢復交易者。",

"104年03月02日每日收盤行情(全部(不含權證、牛熊證))"
"(元,股)",,,,,,,,,,,"(元,交易單位)",,,,,
"證券代號","證券名稱","成交股數","成交筆數","成交金額","開盤價","最高價","最低價","收盤價","漲跌(+/-)","漲跌價差","最後揭示買價","最後揭示買量","最後揭示賣價","最後揭示賣量","本益比",
="0050","元大台灣50","6,589,376","1,449","461,349,421","70.30","70.55","69.75","70.00","-","0.30","69.95","22","70.00","5,134","0.00",
="0051","元大中型100","113,309","27","3,472,466","30.56","30.83","30.56","30.80","+","0.25","30.67","2","30.80","1","0.00",
="0052","富邦科技","9,000","8","397,220","44.29","44.29","43.94","43.94","-","0.13","43.64","33","43.94","9","0.00",
="0053","元大電子","116,000","89","3,513,010","30.46","30.50","30.21","30.22","-","0.09","30.22","3","30.40","2","0.00",
="0054","元大台商50","27,000","22","645,310","23.79","24.08","23.79","23.84","+","0.16","23.84","1","23.95","2","0.00",
="0055","元大MSCI金融","292,000","76","4,374,220","14.95","15.08","14.95","14.96","-","0.05","14.96","3","14.97","16","0.00",
="0056","元大高股息","702,798","326","17,700,581","25.20","25.24","25.14","25.21","+","0.07","25.20","54","25.21","84","0.00",
="0057","富邦摩台","9,000","6","385,290","42.96","42.96","42.65","42.65","-","0.19","42.68","50","42.72","78","0.00",
="0058","富邦發達","7,000","4","276,000","39.51","39.51","39.32","39.32","-","0.09","39.19","25","39.32","3","0.00",
="0059","富邦金融","127,000","14","4,280,230","33.90","33.90","33.64","33.66","-","0.16","33.65","31","33.77","1","0.00",
="0060","新台灣","4,002","4","130,946","32.63","32.76","32.63","32.73","+","0.26","32.23","3","32.79","2","0.00",
="0061","元大寶滬深","24,442,779","4,033","433,332,952","17.76","17.80","17.62","17.70","+","0.15","17.69","40","17.70","238","0.00",
="006203","元大MSCI台灣","31,000","5","1,038,760","33.67","33.70","33.48","33.48","-","0.13","33.47","1","33.64","129","0.00",
="006204","永豐臺灣加權","4,691","8","225,670","48.25","48.25","48.00","48.00","-","0.01","47.87","15","48.00","15","0.00",
="006205","富邦上証","17,031,358","2,830","542,104,126","31.80","32.05","31.62","31.62","+","0.22","31.61","145","31.62","94","0.00",
="006206","元大上證50","11,772,350","2,280","350,517,878","29.90","30.02","29.50","29.53","+","0.09","29.53","26","29.54","154","0.00",
="006207","FH滬深","7,651,000","1,523","175,668,860","23.00","23.14","22.80","22.84","+","0.17","22.84","26","22.85","54","0.00",
="006208","富邦台50","2,000","2","79,150","39.59","39.59","39.56","39.56","-","0.25","39.25","34","39.46","38","0.00",
="00631L","元大台灣50正2","1,059,000","230","24,523,070","23.27","23.36","23.00","23.01","-","0.19","23.01","4","23.03","30","0.00",
="00632R","元大台灣50反1","3,708,114","417","68,030,040","18.35","18.40","18.28","18.39","+","0.05","18.39","34","18.40","34","0.00",
="00633L","富邦上証正2","38,920,000","8,120","1,530,032,739","39.70","40.30","38.54","38.54","+","0.30","38.54","926","38.57","2","0.00",
="00634R","富邦上証反1","11,957,000","1,100","153,392,680","12.80","12.99","12.63","12.99","-","0.05","12.98","1","12.99","145","0.00",
="0080","恒中國","2,400","11","1,053,600","445.00","445.00","438.00","438.00","-","0.50","436.10","2","443.00","1","0.00",
="0081","恒香港","0","0","0","--","--","--","--"," ","0.00","852.00","1","896.00","1","0.00",
="008201","BP上證50","81,400","277","7,415,920","90.00","91.90","90.00","90.50","+","0.65","90.50","14","90.60","16","0.00",
="01001T","土銀富邦R1","127,000","30","2,109,230","16.50","16.66","16.50","16.64","+","0.22","16.64","11","16.68","4","0.00",
="01002T","土銀國泰R1","1,271,000","60","22,903,350","18.02","18.04","18.01","18.02"," ","0.00","18.01","100","18.02","49","0.00",
="01003T","兆豐新光R1","35,000","17","458,430","13.07","13.12","13.05","13.12","+","0.08","13.12","1","13.13","2","0.00",
="01004T","土銀富邦R2","81,200","20","1,059,892","13.05","13.08","13.02","13.06"," ","0.00","13.03","2","13.05","3","0.00",
="01007T","兆豐國泰R2","156,000","15","2,480,880","16.15","16.15","15.87","15.90","+","0.05","15.90","10","15.95","60","0.00",
="01008T","駿馬R1","510,000","25","9,605,800","18.84","18.85","18.83","18.83","-","0.01","18.83","208","18.84","51","0.00",
"1101","台泥","5,941,698","2,665","255,131,507","43.30","43.30","42.55","42.65","-","0.30","42.65","34","42.80","83","14.76",
"1102","亞泥","4,143,343","1,627","160,834,781","38.95","38.95","38.75","38.85","+","0.15","38.80","4","38.85","6","14.13",
"1103","嘉泥","410,473","82","5,603,939","13.65","13.70","13.65","13.65","+","0.05","13.65","6","13.70","471","7.42",
"1104","環泥","128,484","82","3,421,273","26.60","26.70","26.60","26.60","+","0.05","26.60","14","26.70","7","11.67",
"1108","幸福","316,796","86","3,214,427","10.25","10.25","10.10","10.20"," ","0.00","10.20","26","10.25","33","13.08",
"1109","信大","179,140","33","2,467,532","13.70","13.85","13.70","13.85","+","0.10","13.80","47","13.85","1","15.39",
"1110","東泥","10,026","13","166,878","16.85","16.85","16.60","16.60","-","0.05","16.50","3","16.60","3","75.45",
"1201","味全","1,252,592","576","32,051,804","25.45","25.70","25.45","25.60","+","0.30","25.60","17","25.65","14","31.22",
"1203","味王","89,059","53","2,093,370","23.60","23.65","23.45","23.50","-","0.10","23.50","27","23.60","1","27.98",
"1210","大成","1,205,259","575","33,121,862","27.50","27.65","27.30","27.55","+","0.05","27.55","10","27.60","7","8.01",
"1213","大飲","58,010","46","1,214,660","20.80","21.00","20.80","20.95"," ","0.00","20.90","17","20.95","15","104.75",
"1215","卜蜂","1,011,530","487","28,015,763","27.60","28.05","27.60","27.80","-","0.40","27.75","55","27.80","30","8.97",
"1216","統一","9,213,488","4,555","486,169,381","53.00","53.10","52.20","52.40","-","0.40","52.30","296","52.40","67","26.07",
"1217","愛之味","609,563","258","4,880,054","8.03","8.04","7.97","8.04","+","0.01","8.02","1","8.04","15","0.00",
"1218","泰山","195,445","83","2,325,548","11.95","11.95","11.85","11.85","-","0.10","11.85","66","11.90","27","0.00",
"1219","福壽","77,649","35","1,169,790","15.10","15.15","15.00","15.00","-","0.05","15.00","3","15.10","29","39.47",
"1220","台榮","51,012","34","534,820","10.55","10.55","10.45","10.45","-","0.05","10.45","6","10.50","12","34.83",
"1225","福懋油","39,539","55","812,235","20.35","20.75","20.35","20.60","+","0.10","20.50","2","20.65","1","2,060.00",
"1227","佳格","1,841,262","1,069","138,237,584","74.60","75.60","74.50","75.60","+","1.20","75.50","21","75.60","55","27.19",
"1229","聯華","603,298","307","12,516,721","20.75","20.85","20.65","20.80","+","0.05","20.75","8","20.80","8","9.29",
"1231","聯華食","357,113","218","10,850,247","30.70","30.70","30.20","30.50","-","0.20","30.45","21","30.50","9","20.75",
"1232","大統益","95,314","62","6,856,708","72.30","72.30","71.60","72.00","+","0.10","72.00","7","72.10","30","14.52",
"1233","天仁","164,472","50","7,724,726","47.20","47.20","46.90","47.10","-","0.20","46.90","9","47.10","10","18.54",
"1234","黑松","57,557","71","2,165,231","37.50","37.80","37.50","37.75","-","0.15","37.65","2","37.75","15","18.88",
"1235","興泰","70,236","49","1,660,166","23.90","23.90","23.50","23.80"," ","0.00","23.75","2","23.80","1","9.96",
"1236","宏亞","23,055","49","569,439","24.70","24.70","24.70","24.70","+","0.10","24.55","2","24.70","1","12.60",
"1262","綠悅-KY","760,800","582","99,715,900","130.00","135.00","127.00","134.00","+","1.00","133.50","5","134.00","6","14.64",
"1301","台塑","5,958,570","3,212","457,755,420","78.50","78.50","75.90","76.10","-","1.40","76.00","78","76.10","36","20.08",
"1303","南亞","6,259,976","3,361","428,898,668","68.80","69.10","68.10","68.20"," ","0.00","68.20","15","68.30","2","15.40",
"1304","台聚","1,708,096","766","29,015,132","17.25","17.30","16.85","16.90","-","0.35","16.90","22","16.95","33","24.14",
"1305","華夏","4,049,258","1,382","60,632,741","15.25","15.45","14.80","14.85","-","0.60","14.85","101","14.90","25","21.84",
"1307","三芳","1,697,995","978","66,517,333","39.70","40.00","38.55","38.90","-","0.70","38.90","60","39.00","1","15.08",
"1308","亞聚","1,498,495","613","31,826,287","21.60","21.60","21.05","21.20","-","0.40","21.15","40","21.20","23","18.43",
"1309","台達化","159,491","97","1,480,531","9.26","9.32","9.26","9.27","+","0.01","9.27","2","9.28","5","0.00",
"1310","台苯","1,101,864","345","14,837,908","13.40","13.55","13.40","13.50","+","0.10","13.45","88","13.50","163","13.50",
"1312","國喬","2,020,018","700","33,929,676","16.90","17.05","16.70","16.75","-","0.10","16.70","418","16.75","214","16.42",
"1312A","國喬特","0","0","0","--","--","--","--"," ","0.00","21.40","3","21.95","1","0.00",
"1313","聯成","854,796","254","9,806,189","11.55","11.60","11.35","11.35","-","0.20","11.35","45","11.45","61","66.76",
"1314","中石化","14,651,289","2,932","174,824,865","11.95","12.05","11.80","11.95","+","0.10","11.90","100","11.95","63","0.00",
"1315","達新","13,801","62","388,052","28.20","28.20","28.05","28.20"," ","0.00","28.10","4","28.20","9","29.68",
"1316","上曜","48,000","27","586,550","12.30","12.30","12.15","12.15","-","0.15","12.15","18","12.20","21","0.00",
"1319","東陽","3,007,679","1,583","117,299,087","39.15","39.50","38.70","38.85","-","0.25","38.80","48","38.85","33","19.43",
"1321","大洋","121,312","74","4,225,003","34.60","35.15","34.55","35.00"," ","0.00","34.95","3","35.00","5","0.00",
"1323","永裕","133,398","107","4,823,142","36.40","36.40","36.00","36.05","-","0.35","36.05","5","36.15","6","12.92",
"1324","地球","31,000","20","433,950","14.05","14.05","13.95","14.05","-","0.10","14.00","15","14.05","5","23.42",
"1325","恆大","212,190","70","4,324,603","20.65","20.65","20.25","20.35","-","0.30","20.30","22","20.40","6","40.70",
"1326","台化","4,076,750","2,420","285,354,626","71.20","71.20","69.30","69.40","-","1.00","69.40","25","69.50","42","20.47",
"1337","再生-KY","664,335","409","24,750,991","37.50","37.65","37.05","37.05","-","0.45","37.05","36","37.10","1","8.07",
"1338","廣華-KY","166,027","108","15,623,346","94.10","94.50","93.80","94.40","+","0.40","94.40","1","94.50","21","12.64",
"1339","昭輝","247,000","169","20,429,600","83.20","83.50","82.00","82.20","-","1.00","82.20","1","82.50","54","19.12",
"1340","勝悅-KY","104,600","92","10,682,500","102.50","102.50","101.50","102.50"," ","0.00","102.00","9","103.00","12","10.44",
"1402","遠東新","5,579,350","2,573","179,989,411","32.70","32.75","32.05","32.30","-","0.30","32.25","1","32.30","108","15.53",
"1409","新纖","2,857,954","650","31,706,344","11.20","11.20","11.00","11.00","-","0.10","11.00","182","11.05","60","13.10",
"1410","南染","33,044","46","833,900","25.20","25.30","25.20","25.20"," ","0.00","25.20","21","25.55","9","18.39",
"1413","宏洲","90,185","37","586,018","6.51","6.54","6.46","6.47","-","0.04","6.48","4","6.50","1","0.00",
"1414","東和","137,506","92","1,126,126","8.23","8.23","8.16","8.17","+","0.01","8.17","2","8.18","9","43.00",
"1416","廣豐","533,680","169","9,676,303","18.20","18.20","18.10","18.10","-","0.05","18.05","36","18.10","15","12.57",
"1417","嘉裕","11,130,023","2,150","97,295,108","8.75","8.85","8.64","8.65","+","0.01","8.64","126","8.65","1","27.90",
"1418","東華","84,091","27","576,939","6.88","6.94","6.83","6.94","+","0.02","6.86","1","6.94","6","0.00",
"1419","新紡","107,524","48","4,227,488","39.40","39.40","39.10","39.40"," ","0.00","39.15","3","39.40","26","89.55",
"1423","利華","89,077","50","702,800","7.99","7.99","7.87","7.89","-","0.03","7.88","20","7.89","9","0.00",
"1432","大魯閣","171,930","82","3,305,509","19.40","19.40","19.15","19.20","+","0.05","19.15","13","19.25","28","0.00",
"1434","福懋","1,462,955","757","47,812,087","33.40","33.50","32.40","32.40","-","0.80","32.40","16","32.55","54","16.28",
"1435","中福","1,387,912","309","9,081,164","6.20","6.63","6.20","6.63","+","0.43","6.63","1,628","--","0","0.00",
"1436","華友聯","20,200","13","947,207","47.00","47.00","46.45","46.75","-","0.40","46.35","1","46.80","1","9.58",
"1437","勤益控","223,489","63","4,196,843","18.85","18.90","18.65","18.75","-","0.10","18.70","21","18.75","26","0.00",
"1438","三地開發","18,000","11","116,000","6.57","6.57","6.32","6.36","-","0.19","6.36","1","6.51","10","159.00",
"1439","雋揚","26,000","11","384,200","14.70","14.90","14.70","14.75","-","0.05","14.75","1","14.80","1","0.00",
"1440","南紡","856,192","404","14,879,469","17.40","17.50","17.30","17.35","-","0.05","17.35","29","17.45","42","51.03",
"1441","大東","123,119","84","1,178,508","9.68","9.68","9.51","9.60","+","0.05","9.60","3","9.63","10","0.00",
"1442","名軒","99,083","49","2,384,504","24.10","24.20","23.95","24.00","-","0.15","24.00","6","24.15","17","16.44",
"1443","立益物流","42,070","15","280,310","6.86","6.86","6.65","6.67","-","0.33","6.67","5","6.88","2","0.00",
"1444","力麗","2,352,722","605","22,397,495","9.54","9.60","9.47","9.54","+","0.04","9.50","80","9.54","83","45.43",
"1445","大宇","242,012","81","2,186,858","9.13","9.13","9.00","9.06","-","0.07","9.02","1","9.07","34","43.14",
"1446","宏和","160,000","69","4,503,450","28.20","28.25","28.00","28.05","-","0.20","28.05","10","28.10","8","2,805.00",
"1447","力鵬","3,563,625","836","41,838,394","11.75","11.90","11.60","11.65","+","0.05","11.65","28","11.75","15","16.18",
"1449","佳和","19,630","23","72,473","3.69","3.69","3.69","3.69"," ","0.00","3.72","5","3.89","3","0.00",
"1451","年興","49,785","39","1,281,470","25.85","25.85","25.65","25.70","-","0.15","25.70","10","25.75","32","14.12",
"1452","宏益","6,156,747","1,672","103,299,579","15.85","16.95","15.85","16.55","+","0.70","16.55","3","16.60","1","12.63",
"1453","大將","10,162","11","91,191","8.90","9.00","8.90","8.99","+","0.09","8.89","2","8.99","1","0.00",
"1454","台富","206,691","91","1,725,154","8.31","8.44","8.27","8.40","+","0.08","8.40","3","8.42","10","21.00",
"1455","集盛","867,414","425","7,965,307","9.22","9.24","9.10","9.10","-","0.08","9.10","12","9.16","2","43.33",
"1456","怡華","10,000","3","71,800","7.18","7.18","7.18","7.18"," ","0.00","6.83","1","7.18","1","0.00",
"1457","宜進","393,024","118","3,218,130","8.22","8.25","8.13","8.17","-","0.04","8.17","9","8.19","43","11.67",
"1459","聯發","3,422,270","870","36,866,434","10.80","10.95","10.60","10.80","+","0.30","10.75","14","10.80","30","11.87",
"1460","宏遠","3,970,423","1,237","64,668,637","16.50","16.50","16.00","16.00","-","0.25","16.00","429","16.05","9","22.86",
"1463","強盛","516,000","156","8,672,750","16.90","16.95","16.65","16.70","-","0.20","16.70","31","16.80","2","29.30",
"1464","得力","2,585,177","888","42,004,235","16.00","16.50","15.85","16.10","+","0.20","16.10","56","16.15","1","161.00",
"1465","偉全","83,513","54","1,381,436","16.50","16.60","16.50","16.50"," ","0.00","16.50","22","16.55","5","15.57",
"1466","聚隆","1,217,050","525","23,690,467","18.75","20.00","18.70","19.60","+","0.90","19.60","5","19.70","4","37.69",
"1467","南緯","3,142,545","592","38,300,653","12.10","12.50","12.10","12.20","-","0.80","12.15","232","12.20","3","24.90",
"1468","昶和","21,000","9","216,550","10.30","10.35","10.30","10.30"," ","0.00","10.30","2","10.35","2","0.00",
"1469","理隆","5,000","3","61,700","12.30","12.50","12.30","12.50","X","0.00","12.25","10","12.55","8","312.50",
"1470","大統新創","0","0","0","--","--","--","--"," ","0.00","18.55","1","19.25","3","28.73",
"1471","首利","235,293","113","2,035,853","8.66","8.71","8.60","8.60","-","0.05","8.60","12","8.63","4","0.00",
"1472","三洋實業","46,002","29","980,042","21.80","21.95","21.00","21.00","-","0.35","21.10","2","21.55","3","0.00",
"1473","台南","160,361","90","4,355,447","27.10","27.25","27.10","27.10"," ","0.00","27.10","11","27.15","2","37.64",
"1474","弘裕","55,245","33","496,305","9.00","9.03","8.95","9.03","+","0.03","9.00","14","9.05","23","17.37",
"1475","業旺","33,000","11","428,250","13.05","13.10","12.90","12.90","-","0.15","12.90","5","12.95","5","0.00",
"1476","儒鴻","1,454,763","1,241","520,528,154","360.00","362.00","355.50","360.00"," ","0.00","358.00","1","360.00","50","32.73",
"1477","聚陽","1,104,225","893","216,778,698","197.00","197.50","194.50","196.50","+","0.50","196.00","17","196.50","81","23.50",
"1503","士電","51,169","54","2,037,593","39.80","39.90","39.80","39.85","-","0.05","39.80","1","39.85","2","15.94",
"1504","東元","5,348,127","2,510","171,623,940","32.50","32.80","31.60","31.60","-","0.55","31.60","178","31.70","1","14.84",
"1506","正道","379,802","165","9,177,507","24.55","24.60","23.85","24.35","-","0.30","24.25","15","24.35","3","0.00",
"1507","永大","1,691,811","915","125,562,125","73.50","74.90","73.40","74.70","+","1.90","74.70","2","74.80","68","14.12",
"1512","瑞利","298,304","118","1,956,582","6.54","6.65","6.50","6.57","+","0.04","6.57","29","6.58","14","0.00",
"1513","中興電","644,508","281","13,382,846","20.85","20.85","20.65","20.70","-","0.10","20.70","2","20.75","31","13.35",
"1514","亞力","113,059","71","1,008,416","8.94","8.94","8.90","8.91","-","0.03","8.91","14","8.92","3","26.21",
"1515","力山","58,102","28","631,411","10.85","10.90","10.85","10.90","-","0.05","10.85","5","10.90","4","14.73",
"1516","川飛","4,989","11","100,075","20.05","20.05","20.05","20.05","+","0.05","20.10","1","21.35","2","30.38",
"1517","利奇","744,447","269","11,762,177","15.95","15.95","15.75","15.75","-","0.05","15.75","108","15.80","27","12.30",
"1519","華城","208,100","125","3,224,440","15.70","15.75","15.40","15.40","-","0.30","15.40","6","15.50","1","27.50",
"1521","大億","73,100","55","5,349,530","73.30","73.80","73.00","73.20","-","0.10","73.10","24","73.20","1","13.89",
"1522","堤維西","1,032,349","502","22,937,928","22.55","22.60","22.05","22.10","-","0.35","22.10","13","22.20","10","30.69",
"1524","耿鼎","228,650","67","1,697,262","7.47","7.50","7.40","7.40","-","0.07","7.40","74","7.41","5","0.00",
"1525","江申","63,000","47","3,775,700","60.00","60.20","59.80","60.00","-","0.30","59.90","6","60.00","78","13.04",
"1526","日馳","168,322","109","2,393,987","14.15","14.30","14.10","14.15","+","0.10","14.15","1","14.20","1","14.74",
"1527","鑽全","748,385","551","33,554,425","45.20","45.20","44.55","44.95","+","0.10","44.90","21","44.95","5","9.73",
"1528","恩德","207,000","72","2,323,250","11.20","11.25","11.15","11.25","+","0.05","11.20","2","11.25","36","53.57",
"1529","樂事綠能","25,000","5","96,900","3.86","3.90","3.86","3.86","-","0.14","3.86","5","3.99","5","0.00",
"1530","亞崴","137,384","88","6,381,601","46.50","46.70","46.30","46.40","-","0.40","46.35","6","46.45","1","16.57",
"1531","高林股","127,228","56","2,976,362","23.40","23.50","23.25","23.40"," ","0.00","23.30","7","23.40","2","23.64",
"1532","勤美","353,748","181","11,533,257","32.85","32.85","32.50","32.50","-","0.40","32.50","67","32.60","16","4.73",
"1533","車王電","249,181","188","15,658,174","63.00","63.40","62.40","62.90","+","0.10","62.90","1","63.00","4","26.10",
"1535","中宇","63,501","69","4,219,467","65.90","66.80","65.90","66.60","+","1.00","66.30","9","66.60","1","13.37",
"1536","和大","1,679,210","1,130","103,480,751","61.90","62.00","61.20","61.40","+","0.40","61.40","29","61.50","4","22.83",
"1537","廣隆","422,154","294","41,727,906","99.00","99.30","98.00","99.00","+","0.60","98.90","1","99.00","17","13.41",
"1538","正峰","50,672","47","472,069","9.40","9.40","9.30","9.32","-","0.01","9.27","2","9.33","1","0.00",
"1539","巨庭","2,408,119","1,062","54,470,827","22.40","23.10","22.20","22.65","+","0.35","22.65","11","22.70","5","13.17",
"1540","喬福","107,160","62","2,600,804","24.50","24.50","24.20","24.20"," ","0.00","24.20","10","24.30","1","12.35",
"1541","錩泰","31,000","18","532,000","17.20","17.20","17.05","17.10","+","0.10","17.05","2","17.15","1","18.00",
"1558","伸興","103,931","95","17,075,615","165.00","165.50","163.50","164.50","-","0.50","164.00","10","164.50","2","13.37",
"1560","中砂","2,072,346","1,378","141,526,833","69.30","69.30","67.50","68.60","-","0.10","68.50","16","68.60","22","14.82",
"1568","倉佑","110,000","67","2,259,750","20.70","20.70","20.40","20.65"," ","0.00","20.60","10","20.65","13","18.44",
"1582","信錦","745,904","455","50,900,243","68.80","68.80","67.50","68.20"," ","0.00","68.10","20","68.30","4","13.53",
"1583","程泰","127,153","99","11,429,147","90.30","91.50","89.00","89.60","-","0.40","89.60","1","90.00","1","17.13",
"1589","永冠-KY","4,895,800","2,651","741,741,290","145.50","154.50","145.00","153.50","+","8.00","153.50","8","154.00","73","18.30",
"1590","亞德客-KY","439,355","360","117,084,817","270.50","273.00","263.50","265.00","-","5.00","265.00","4","266.00","12","25.21",
"1592","英瑞-KY","825,140","485","27,681,868","33.50","34.35","32.95","33.35","+","0.40","33.30","5","33.40","2","7.49",
"1603","華電","107,493","36","1,271,167","11.80","11.90","11.80","11.85","+","0.05","11.80","1","11.85","2","15.80",
"1604","聲寶","815,484","232","10,547,186","13.00","13.00","12.90","12.95","-","0.05","12.90","56","12.95","45","12.95",
"1605","華新","12,289,074","2,795","124,040,028","10.05","10.20","10.00","10.00","-","0.05","10.00","1,372","10.05","68","15.63",
"1608","華榮","110,102","52","1,098,774","9.98","10.00","9.97","9.97","-","0.01","9.97","9","10.00","74","9.32",
"1609","大亞","975,643","289","6,412,490","6.53","6.61","6.52","6.58","+","0.05","6.58","38","6.59","34","21.93",
"1611","中電","166,785","52","1,762,892","10.60","10.65","10.50","10.60","-","0.05","10.55","1","10.60","16","0.00",
"1612","宏泰","212,050","86","2,182,753","10.40","10.40","10.25","10.30"," ","0.00","10.25","212","10.30","105","14.93",
"1613","台一","206,541","92","1,107,142","5.42","5.46","5.33","5.38","-","0.04","5.34","7","5.38","3","0.00",
"1614","三洋電","25,850","14","772,695","29.85","29.95","29.75","29.90","-","0.05","29.80","3","29.90","19","29.90",
"1615","大山","50,000","21","569,150","11.50","11.50","11.35","11.45"," ","0.00","11.35","4","11.45","5","14.31",
"1616","億泰","2,870,200","661","20,308,069","6.95","7.32","6.87","7.10","+","0.24","7.05","18","7.10","18","0.00",
"1617","榮星","18,000","12","143,580","7.98","8.03","7.95","8.03","+","0.05","7.95","3","8.01","1","38.24",
"1618","合機","217,072","91","2,005,038","9.11","9.34","9.11","9.16","-","0.02","9.16","5","9.20","1","0.00",
"1626","艾美特-KY","123,000","56","3,498,400","28.70","28.70","28.35","28.45","-","0.25","28.40","6","28.45","1","0.00",
"1701","中化","417,048","172","8,471,465","20.40","20.45","20.20","20.20","-","0.20","20.20","17","20.30","29","23.76",
"1702","南僑","3,093,000","1,839","183,789,972","58.00","60.20","58.00","59.80","+","1.80","59.70","25","59.80","24","15.57",
"1704","榮化","469,702","234","7,629,516","16.20","16.35","16.20","16.20"," ","0.00","16.20","115","16.25","5","0.00",
"1707","葡萄王","210,263","227","27,430,453","131.00","131.00","130.00","130.00","-","1.00","130.00","34","131.00","15","18.68",
"1708","東鹼","3,015,735","1,325","120,714,218","39.70","40.25","39.70","40.05","+","0.75","40.00","4","40.05","1","11.48",
"1709","和益","45,474","30","555,631","12.30","12.30","12.15","12.25"," ","0.00","12.15","22","12.25","10","23.11",
"1710","東聯","3,103,951","1,250","86,504,382","28.65","28.65","27.65","27.80","-","0.65","27.80","26","27.85","1","38.61",
"1711","永光","1,021,444","529","28,453,729","28.00","28.15","27.65","27.65","-","0.25","27.65","45","27.70","1","18.68",
"1712","興農","870,971","440","14,653,543","16.80","16.90","16.75","16.80","-","0.05","16.80","3","16.85","9","10.91",
"1713","國化","10,233","32","177,863","17.40","17.40","17.35","17.35","-","0.05","17.35","3","17.40","8","29.41",
"1714","和桐","1,056,431","255","10,748,586","10.20","10.30","10.10","10.15"," ","0.00","10.15","11","10.20","166","72.50",
"1715","萬洲","580,366","185","10,799,670","18.70","18.75","18.50","18.50","-","0.15","18.50","106","18.55","8","10.22",
"1717","長興","4,524,106","2,014","149,928,946","31.90","33.95","31.90","33.50","+","1.65","33.50","74","33.55","16","15.23",
"1718","中纖","9,114,692","2,008","98,738,518","11.00","11.10","10.75","10.75","-","0.20","10.75","344","10.80","16","23.37",
"1720","生達","526,454","344","20,487,623","39.40","39.45","38.75","38.75","-","0.40","38.70","30","38.75","1","20.72",
"1721","三晃","113,171","72","1,289,166","11.40","11.50","11.35","11.35"," ","0.00","11.35","3","11.40","17","0.00",
"1722","台肥","1,874,720","1,209","102,603,744","54.80","55.10","54.50","54.80","+","0.30","54.70","5","54.80","14","202.96",
"1723","中碳","1,063,824","764","158,861,503","147.00","151.00","146.50","149.00","+","2.00","149.00","45","149.50","4","14.77",
"1724","台硝","45,011","40","735,926","16.40","16.50","16.25","16.45","-","0.05","16.35","6","16.45","3","15.09",
"1725","元禎","12,050","10","177,720","14.80","14.80","14.70","14.80"," ","0.00","14.65","1","14.80","5","15.74",
"1726","永記","51,106","39","4,277,482","83.30","84.40","83.10","84.00","+","0.40","84.00","1","84.30","2","13.00",
"1727","中華化","70,804","45","1,346,783","19.10","19.20","18.95","18.95","-","0.20","18.95","3","19.10","5","18.95",
"1729","必翔","794,275","399","47,105,641","60.20","60.60","58.70","58.70","-","1.40","58.70","3","58.80","5","0.00",
"1730","花仙子","155,080","90","4,548,798","29.55","29.65","29.20","29.25","-","0.30","29.25","5","29.30","1","7.58",
"1731","美吾華","974,246","377","14,780,738","15.10","15.25","15.10","15.15","+","0.10","15.15","49","15.20","10","24.84",
"1732","毛寶","988,590","478","14,506,951","15.20","15.20","14.40","14.60","-","0.60","14.55","8","14.60","15","0.00",
"1733","五鼎","59,579","76","3,196,466","54.00","54.00","53.40","53.40"," ","0.00","53.40","10","53.50","4","23.95",
"1734","杏輝","337,502","297","13,790,605","41.20","41.30","40.65","40.80","-","0.20","40.75","1","40.80","2","46.36",
"1735","日勝化","66,400","12","764,060","11.50","11.60","11.50","11.60","+","0.10","11.55","1","11.60","3","26.98",
"1736","喬山","1,354,861","964","114,904,110","84.50","86.30","83.50","85.00","+","0.80","84.80","4","85.00","16","17.42",
"1737","臺鹽","168,567","129","4,264,922","25.30","25.35","25.25","25.30"," ","0.00","25.30","11","25.35","5","24.10",
"1762","中化生","130,042","106","4,105,371","31.65","31.80","31.50","31.60","+","0.15","31.55","1","31.60","4","143.64",
"1773","勝一","99,485","77","4,369,711","43.50","44.15","43.50","44.00","+","0.50","44.00","10","44.15","3","12.64",
"1783","和康生","48,044","65","1,644,196","34.10","34.60","34.05","34.30"," ","0.00","34.30","1","34.35","2","1,715.00",
"1786","科妍","265,332","220","23,936,820","90.20","91.30","89.30","89.70","-","0.30","89.70","9","89.80","1","815.45",
"1789","神隆","889,494","710","42,819,455","48.30","48.50","47.80","47.90","-","0.40","47.90","6","48.00","34","45.19",
"1802","台玻","742,076","491","17,203,849","23.30","23.35","23.10","23.15","-","0.15","23.15","16","23.20","49","77.17",
"1805","寶徠","3,000","3","28,460","9.50","9.50","9.48","9.48","-","0.02","9.46","4","9.50","2","2.80",
"1806","冠軍","244,307","91","2,314,270","9.50","9.54","9.43","9.43","+","0.01","9.43","1","9.45","2","0.00",
"1808","潤隆","133,529","90","3,700,744","27.80","27.80","27.65","27.70","-","0.10","27.60","9","27.70","11","14.58",
"1809","中釉","156,085","70","2,221,005","14.25","14.25","14.15","14.20","-","0.05","14.20","18","14.25","6","17.11",
"1810","和成","963,403","280","10,102,430","10.55","10.60","10.45","10.45","-","0.10","10.45","130","10.50","24","15.37",
"1817","凱撒衛","120,002","55","4,025,368","33.50","33.70","33.40","33.60","+","0.10","33.60","1","33.65","1","13.49",
"1902","台紙","311,443","143","3,440,023","11.05","11.15","11.00","11.05","-","0.05","11.05","3","11.10","60","100.45",
"1903","士紙","118,019","67","4,376,803","37.55","37.55","36.95","37.10","-","0.45","37.10","3","37.25","1","0.00",
"1904","正隆","316,653","279","4,009,726","12.70","12.75","12.65","12.65","-","0.05","12.65","1","12.70","60","18.88",
"1905","華紙","2,513,108","530","21,957,152","8.65","8.83","8.64","8.76","+","0.15","8.76","45","8.77","62","0.00",
"1906","寶隆","175,831","39","1,910,524","10.90","10.90","10.80","10.85","-","0.05","10.85","4","10.90","30","8.61",
"1907","永豐餘","849,780","377","10,768,407","12.70","12.75","12.65","12.65"," ","0.00","12.65","92","12.70","33","43.62",
"1909","榮成","1,256,202","414","15,668,700","12.50","12.60","12.40","12.45","-","0.05","12.45","4","12.50","391","9.65",
"2002","中鋼","23,167,311","7,473","602,053,486","26.10","26.25","25.85","26.00","-","0.10","25.95","86","26.00","2,707","21.31",
"2002A","中鋼特","1,000","1","41,550","41.55","41.55","41.55","41.55","X","0.00","41.55","3","41.85","2","0.00",
"2006","東和鋼鐵","359,367","245","8,499,441","23.75","23.75","23.60","23.60","-","0.15","23.60","104","23.65","30","13.56",
"2007","燁興","105,987","42","615,821","5.78","5.89","5.78","5.84","+","0.06","5.82","5","5.84","3","0.00",
"2008","高興昌","32,749","24","359,162","11.00","11.00","10.85","11.00"," ","0.00","10.95","6","11.00","19","0.00",
"2009","第一銅","44,044","18","431,607","9.82","9.82","9.79","9.80","-","0.01","9.77","2","9.80","105","81.67",
"2010","春源","291,931","103","3,390,295","11.65","11.65","11.55","11.60","-","0.05","11.60","1","11.65","23","13.98",
"2012","春雨","296,011","106","4,361,354","14.75","14.80","14.65","14.65","-","0.10","14.65","41","14.75","1","28.17",
"2013","中鋼構","72,458","81","1,947,128","26.95","27.00","26.80","26.85","-","0.10","26.85","11","27.00","16","18.27",
"2014","中鴻","1,170,914","243","8,362,064","7.14","7.28","7.11","7.22","+","0.08","7.20","54","7.22","8","19.00",
"2015","豐興","204,605","141","7,996,073","39.00","39.15","39.00","39.05","+","0.05","39.05","19","39.10","3","14.10",
"2017","官田鋼","282,965","125","1,692,603","5.98","6.01","5.93","5.98","-","0.05","5.97","6","5.98","1","0.00",
"2020","美亞","33,916","64","468,767","13.75","13.85","13.75","13.85","+","0.10","13.80","12","13.85","5","13.32",
"2022","聚亨","415,104","145","2,412,557","5.81","5.84","5.79","5.83","+","0.02","5.83","3","5.84","6","0.00",
"2023","燁輝","1,034,845","352","9,572,742","9.32","9.32","9.21","9.29","-","0.03","9.29","43","9.30","89","15.48",
"2024","志聯","190,088","97","1,718,032","9.08","9.08","8.94","9.04","-","0.04","8.97","1","9.04","11","7.17",
"2025","千興","1,372,273","355","6,851,689","5.04","5.04","4.96","4.98","-","0.06","4.97","54","4.98","25","0.00",
"2027","大成鋼","2,343,238","801","49,907,780","21.40","21.45","21.20","21.25","-","0.15","21.25","135","21.30","15","8.97",
"2028","威致","237,580","99","950,308","4.01","4.01","4.00","4.00","-","0.01","4.00","50","4.01","27","0.00",
"2029","盛餘","22,060","22","448,830","20.20","20.45","20.20","20.40","+","0.20","20.35","6","20.40","2","18.38",
"2030","彰源","196,051","126","2,636,275","13.45","13.50","13.40","13.45"," ","0.00","13.40","77","13.45","5","10.11",
"2031","新光鋼","151,051","100","2,635,178","17.50","17.55","17.40","17.50"," ","0.00","17.45","2","17.50","93","15.91",
"2032","新鋼","41,020","19","443,264","10.85","10.85","10.75","10.80","-","0.05","10.75","8","10.80","1","19.64",
"2033","佳大","77,557","24","754,161","9.75","9.75","9.65","9.74","+","0.01","9.74","41","9.75","11","0.00",
"2034","允強","705,750","304","17,218,123","24.50","24.55","24.30","24.40","-","0.10","24.40","18","24.50","91","9.04",
"2038","海光","27,000","11","218,870","8.20","8.20","8.09","8.13","+","0.03","8.13","1","8.15","20","0.00",
"2049","上銀","1,677,488","1,214","423,801,687","256.00","256.00","251.00","252.50","-","1.00","252.00","19","252.50","25","27.84",
"2059","川湖","403,611","331","205,144,610","516.00","516.00","504.00","510.00","+","1.00","509.00","1","510.00","40","31.00",
"2062","橋椿","1,091,600","746","67,317,060","62.10","62.70","61.00","61.20","-","0.50","61.20","3","61.30","1","16.11",
"2101","南港","1,241,932","559","40,581,836","32.50","32.90","32.50","32.70","+","0.45","32.70","1","32.75","65","55.42",
"2102","泰豐","438,398","243","8,073,705","18.45","18.60","18.35","18.40","-","0.05","18.40","15","18.45","136","20.22",
"2103","台橡","11,027,761","6,001","374,594,435","33.45","34.25","33.15","34.15","+","0.95","34.15","36","34.20","83","26.68",
"2104","國際中橡","734,101","336","23,452,752","32.00","32.00","31.90","31.90","-","0.10","31.90","38","31.95","1","6.54",
"2105","正新","4,801,835","3,209","361,324,312","76.30","76.60","74.70","75.60","-","0.20","75.50","2","75.60","80","14.71",
"2106","建大","1,327,062","839","85,713,094","64.40","64.90","64.20","64.90","+","0.80","64.80","16","64.90","16","15.27",
"2107","厚生","1,003,475","621","32,389,686","32.55","32.55","32.15","32.15","-","0.40","32.15","52","32.25","46","4.97",
"2108","南帝","264,268","129","4,225,348","16.05","16.10","15.90","16.00","+","0.15","15.90","37","16.00","3","34.04",
"2109","華豐","291,254","124","6,033,816","20.75","20.80","20.60","20.75","+","0.10","20.60","11","20.80","1","21.39",
"2114","鑫永銓","291,617","232","34,956,613","121.00","122.00","118.00","119.00","-","1.00","119.00","20","119.50","6","17.07",
"2115","六暉-KY","96,902","93","5,982,932","62.00","62.30","61.30","61.30","-","0.70","61.30","3","61.50","11","21.14",
"2201","裕隆","2,793,529","1,598","124,937,885","45.20","45.30","44.30","44.50","-","0.40","44.45","7","44.50","141","30.90",
"2204","中華","1,249,240","872","33,844,801","27.10","27.20","27.00","27.00","-","0.05","27.00","403","27.10","1","12.62",
"2206","三陽工業","2,205,379","1,094","61,491,913","28.20","28.30","27.65","27.70","-","0.35","27.70","145","27.75","1","0.00",
"2207","和泰車","138,946","126","66,781,918","475.00","484.00","475.00","483.00","+","5.00","480.00","2","483.00","15","29.03",
"2208","台船","372,235","118","6,153,176","16.55","16.55","16.50","16.55"," ","0.00","16.50","136","16.55","33","41.38",
"2227","裕日車","413,085","366","116,723,607","286.00","287.50","280.00","283.00","-","2.00","283.00","2","283.50","10","13.73",
"2228","劍麟","290,001","226","34,388,623","117.50","121.00","116.50","119.50","+","2.50","119.50","2","120.00","37","19.21",
"2231","為升","473,745","407","160,634,650","335.00","346.00","331.00","346.00","+","6.00","345.00","1","346.00","2","40.09",
"2301","光寶科","10,642,188","4,089","429,407,235","40.20","40.70","39.95","40.55","+","0.65","40.55","11","40.60","269","12.48",
"2302","麗正","179,248","79","1,352,975","7.62","7.62","7.53","7.54","-","0.02","7.54","4","7.56","6","47.13",
"2303","聯電","60,350,109","11,345","957,176,640","16.05","16.10","15.75","15.85","-","0.15","15.85","192","15.90","4,481","23.66",
"2305","全友","621,824","235","5,977,627","9.70","9.74","9.55","9.55","-","0.13","9.55","5","9.57","1","17.69",
"2308","台達電","8,399,090","3,368","1,741,402,220","208.00","210.00","205.00","208.00","+","5.00","207.50","57","208.00","25","24.85",
"2311","日月光","42,024,654","13,265","1,840,553,983","44.75","44.80","42.70","44.00","+","1.70","43.90","23","44.00","314","16.18",
"2312","金寶","15,203,937","3,507","227,750,025","14.75","15.10","14.75","15.00","+","0.25","14.95","315","15.00","52","10.56",
"2313","華通","12,355,134","2,427","216,906,100","17.50","17.75","17.40","17.50"," ","0.00","17.50","67","17.55","79","11.15",
"2314","台揚","385,671","212","5,433,428","14.00","14.15","14.00","14.00"," ","0.00","14.00","49","14.05","10","0.00",
"2316","楠梓電","792,185","297","11,706,753","14.90","14.95","14.70","14.75","-","0.15","14.75","291","14.80","24","15.69",
"2317","鴻海","31,916,394","12,794","2,792,956,361","87.70","88.40","87.00","87.10"," ","0.00","87.10","124","87.20","229","11.07",
"2321","東訊","29,433","13","75,490","2.50","2.60","2.50","2.59","+","0.04","2.47","4","2.59","2","0.00",
"2323","中環","4,320,540","696","18,883,381","4.36","4.40","4.35","4.35"," ","0.00","4.35","134","4.36","77","0.00",
"2324","仁寶","89,209,013","17,805","2,318,810,515","25.95","26.10","25.60","26.10","+","1.70","26.05","301","26.10","700","21.93",
"2325","矽品","10,070,826","4,445","565,872,259","56.10","56.90","55.80","56.00","+","0.10","56.00","490","56.10","2","15.91",
"2327","國巨","5,543,088","2,782","341,583,768","59.60","62.90","59.50","62.00","+","2.40","61.90","13","62.00","226","11.83",
"2328","廣宇","1,082,714","402","19,533,199","18.00","18.20","17.95","17.95"," ","0.00","17.95","12","18.00","59","24.59",
"2329","華泰","2,594,008","748","35,570,229","13.80","13.80","13.65","13.65","-","0.10","13.65","450","13.70","90","25.75",
"2330","台積電","41,706,868","14,902","6,260,834,709","151.50","153.00","148.50","149.00","-","1.50","149.00","1,026","149.50","1,386","14.64",
"2331","精英","875,290","546","21,919,456","24.90","25.10","24.90","25.00","+","0.20","25.00","110","25.05","2","3.74",
"2332","友訊","777,737","398","13,828,505","17.90","17.95","17.70","17.70","-","0.15","17.70","40","17.80","65","34.71",
"2337","旺宏","5,696,238","1,215","38,781,166","6.85","6.88","6.78","6.83"," ","0.00","6.82","14","6.83","53","0.00",
"2338","光罩","116,956","56","1,164,163","9.96","9.99","9.92","9.96"," ","0.00","9.96","10","9.99","11","32.13",
"2340","台亞","654,411","347","8,654,648","13.20","13.30","13.15","13.20"," ","0.00","13.20","21","13.25","7","13.75",
"2342","茂矽","523,286","283","3,597,386","6.87","6.94","6.82","6.82","-","0.03","6.82","14","6.83","11","0.00",
"2344","華邦電","14,413,075","3,164","153,040,722","10.70","10.70","10.55","10.70","+","0.05","10.65","273","10.70","705","12.89",
"2345","智邦","2,126,978","742","34,120,491","16.25","16.25","15.95","16.00","-","0.25","16.00","69","16.05","7","15.09",
"2347","聯強","1,245,309","907","57,053,407","46.00","46.00","45.70","45.70","-","0.15","45.70","100","45.80","4","14.55",
"2348","海悅","18","2","654","--","--","--","--"," ","0.00","--","0","39.00","1","5.75",
"2349","錸德","10,100,041","1,596","37,646,637","3.70","3.77","3.69","3.72","+","0.04","3.72","151","3.73","89","0.00",
"2351","順德","1,510,993","649","69,295,174","46.05","46.40","45.40","45.85","+","0.10","45.80","82","45.85","15","13.21",
"2352","佳世達","9,952,961","2,298","141,446,927","14.40","14.45","14.10","14.15","-","0.25","14.15","7","14.20","254","9.96",
"2353","宏碁","14,697,801","4,614","305,263,291","20.70","20.90","20.70","20.75","+","0.20","20.75","53","20.80","377","0.00",
"2354","鴻準","4,236,649","2,560","337,753,038","80.90","81.00","78.90","79.00","-","1.80","79.00","39","79.20","8","15.05",
"2355","敬鵬","1,545,240","753","87,711,150","57.20","57.40","56.20","56.50","-","0.70","56.50","49","56.70","3","13.36",
"2356","英業達","29,755,224","8,227","725,471,579","24.30","24.65","24.15","24.35","+","0.25","24.30","108","24.35","244","12.49",
"2357","華碩","4,722,776","3,133","1,532,178,872","330.50","330.50","322.00","323.00","-","3.50","323.00","21","324.50","4","11.61",
"2358","廷鑫","208,923","85","2,508,232","12.20","12.20","11.90","11.95","-","0.05","11.95","2","12.00","4","0.00",
"2359","所羅門","249,626","95","4,575,687","18.50","18.55","18.15","18.30","-","0.05","18.30","2","18.35","5","12.12",
"2360","致茂","1,523,491","883","121,520,689","80.70","80.70","78.90","78.90","-","1.80","78.90","33","79.60","5","23.21",
"2361","鴻友","4,593","17","9,420","2.15","2.15","2.02","2.02","-","0.13","2.02","4","2.15","2","0.00",
"2362","藍天","527,624","446","25,712,649","48.70","48.85","48.40","48.80","+","0.50","48.75","20","48.80","27","16.11",
"2363","矽統","1,185,036","454","10,423,443","8.73","8.85","8.73","8.80","+","0.07","8.79","14","8.80","43","0.00",
"2364","倫飛","287,006","43","882,431","3.09","3.17","3.05","3.05","-","0.04","3.05","12","3.07","5","0.00",
"2365","昆盈","500,665","182","5,600,265","11.25","11.35","11.10","11.10","-","0.10","11.10","77","11.20","4","277.50",
"2367","燿華","5,243,554","1,496","76,878,471","14.65","14.85","14.55","14.65"," ","0.00","14.60","66","14.65","11","34.07",
"2368","金像電","5,448,183","1,883","116,717,361","21.60","21.65","21.25","21.55","+","0.15","21.50","2","21.55","46","0.00",
"2369","菱生","5,777,652","1,805","88,309,522","15.10","15.45","14.85","15.40","+","0.30","15.35","280","15.40","111","22.65",
"2371","大同","2,611,552","741","22,617,754","8.65","8.70","8.63","8.66","+","0.01","8.65","9","8.66","4","16.04",
"2373","震旦行","23,110","20","1,239,296","53.80","53.80","53.50","53.60","-","0.20","53.50","1","53.70","7","14.26",
"2374","佳能","1,314,116","627","24,535,518","19.00","19.00","18.45","18.45","-","0.55","18.40","55","18.45","46","70.96",
"2375","凱美","673,949","348","9,469,866","13.90","14.25","13.85","14.20","+","0.40","14.10","9","14.20","14","2.39",
"2376","技嘉","1,238,308","829","49,534,467","40.00","40.35","39.80","39.90","-","0.10","39.90","36","39.95","4","10.87",
"2377","微星","3,909,232","1,834","150,311,033","38.10","39.00","38.10","38.50","+","0.50","38.30","14","38.50","217","10.88",
"2379","瑞昱","2,087,982","1,519","207,350,987","98.50","99.80","98.50","99.50","+","1.10","99.50","323","99.60","13","12.45",
"2380","虹光","101,542","52","923,931","9.10","9.14","9.08","9.14","+","0.04","9.10","2","9.14","20","0.00",
"2382","廣達","7,762,050","3,376","618,062,361","81.90","82.00","79.10","79.50","+","0.10","79.40","24","79.50","588","16.16",
"2383","台光電","3,393,340","1,709","148,845,529","44.50","44.50","43.35","43.95","-","0.60","43.95","10","44.00","102","11.63",
"2385","群光","1,963,208","1,403","174,122,566","88.00","89.30","88.00","89.30","+","2.00","88.50","4","89.30","15","15.89",
"2387","精元","4,991,600","1,663","106,030,870","21.65","21.75","21.00","21.00","-","0.35","21.00","131","21.05","16","15.11",
"2388","威盛","161,052","83","1,728,845","10.90","10.90","10.60","10.70","+","0.10","10.65","2","10.70","25","0.00",
"2390","云辰","1,130,000","697","41,332,349","37.20","37.20","36.35","36.45","-","0.40","36.45","43","36.50","2","0.00",
"2392","正崴","1,911,719","1,192","108,450,014","57.00","57.00","56.40","56.60","+","0.10","56.60","6","56.70","5","17.80",
"2393","億光","4,232,912","2,481","335,991,524","80.90","80.90","78.50","79.10","-","1.80","79.10","1","79.20","21","17.08",
"2395","研華","998,883","783","242,734,952","244.00","245.50","241.00","244.00","+","4.00","243.50","9","244.00","35","32.66",
"2397","友通","348,030","182","13,284,393","38.50","38.50","37.95","38.25","-","0.20","38.25","6","38.30","7","14.88",
"2399","映泰","127,000","67","1,427,100","11.25","11.30","11.15","11.15","-","0.10","11.15","40","11.25","15","16.64",
"2401","凌陽","2,563,370","601","33,505,909","13.05","13.20","13.00","13.05","+","0.05","13.00","206","13.05","123","22.50",
"2402","毅嘉","16,117,934","5,588","545,428,332","33.70","34.20","33.45","33.55","+","0.10","33.55","72","33.60","9","11.37",
"2404","漢唐","313,784","158","10,186,060","32.50","32.70","32.30","32.45","-","0.05","32.45","9","32.50","5","10.67",
"2405","輔信","584,308","279","4,907,639","8.38","8.44","8.38","8.39","+","0.01","8.38","107","8.39","3","0.00",
"2406","國碩","1,353,711","619","35,097,362","26.10","26.10","25.80","25.80","-","0.15","25.80","78","25.85","16","0.00",
"2408","南亞科","1,463,078","1,180","114,010,356","78.40","78.60","77.40","78.30","-","0.10","78.10","3","78.40","39","7.97",
"2409","友達","168,114,190","29,947","2,637,787,067","16.55","16.55","15.40","15.45","-","1.10","15.45","638","15.50","3,077","8.44",
"2412","中華電","10,133,435","4,749","992,810,430","98.30","98.40","97.60","98.00","-","0.20","97.90","181","98.00","1,973","19.68",
"2413","環科","2,136,699","803","30,761,755","13.90","14.75","13.80","14.75","+","0.95","14.75","758","--","0","67.05",
"2414","精技","314,011","190","6,100,459","19.60","19.60","19.35","19.40","-","0.20","19.40","6","19.45","3","12.52",
"2415","錩新","523,565","269","11,369,530","21.75","21.80","21.55","21.75","+","0.10","21.70","40","21.75","23","9.54",
"2417","圓剛","1,804,550","655","22,901,250","12.75","12.90","12.50","12.60","-","0.15","12.60","26","12.65","3","0.00",
"2419","仲琦","462,427","255","7,363,167","16.10","16.10","15.80","15.95","-","0.15","15.95","5","16.00","56","61.35",
"2420","新巨","3,345,506","1,993","152,800,070","44.40","47.00","44.15","46.85","+","2.55","46.80","41","46.85","6","12.98",
"2421","建準","2,585,565","1,341","53,597,845","20.50","20.95","20.45","20.85","+","0.35","20.85","1","20.90","40","13.20",
"2423","固緯","137,474","88","2,900,498","21.30","21.30","21.00","21.20","-","0.10","21.20","1","21.30","6","18.76",
"2424","隴華","2,250","3","88,450","39.40","39.40","39.40","39.40","-","1.10","39.35","1","40.35","1","6.76",
"2425","承啟","119,203","88","3,395,802","28.80","28.80","28.30","28.50","+","0.25","28.45","1","28.50","2","10.96",
"2426","鼎元","3,266,270","1,150","42,983,418","12.50","13.25","12.50","13.25","+","0.85","13.25","447","--","0","0.00",
"2427","三商電","173,979","76","1,532,086","8.91","8.91","8.76","8.79","-","0.08","8.79","5","8.85","6","73.25",
"2428","興勤","4,988,595","110","235,493,573","47.60","47.70","47.15","47.20","+","0.05","47.20","2","47.30","1","10.02",
"2429","銘旺科","1,000","1","15,400","15.40","15.40","15.40","15.40","+","0.45","14.00","1","14.95","1","0.00",
"2430","燦坤","68,202","53","2,177,186","31.95","32.00","31.85","31.95"," ","0.00","31.95","5","32.00","1","12.94",
"2431","聯昌","2,661,466","1,293","67,424,318","25.80","25.80","24.90","25.50"," ","0.00","25.45","1","25.50","5","18.09",
"2433","互盛電","52,192","39","2,349,797","45.30","45.30","44.80","45.25"," ","0.00","45.25","14","45.30","12","13.67",
"2434","統懋","147,752","76","1,112,074","7.48","7.62","7.45","7.57","+","0.07","7.55","2","7.57","1","18.93",
"2436","偉詮電","7,916,902","3,585","276,619,243","35.00","35.30","34.45","34.70"," ","0.00","34.70","96","34.75","11","36.53",
"2437","旺詮","654,159","394","38,980,560","59.20","60.30","59.00","59.50","+","0.30","59.50","7","59.60","24","9.92",
"2438","翔耀","20,263","24","230,964","11.50","11.50","11.30","11.30","-","0.10","11.30","10","11.50","4","24.57",
"2439","美律","2,869,045","1,986","306,245,040","108.50","108.50","105.50","106.00","-","2.00","106.00","49","106.50","4","15.77",
"2440","太空梭","35,000","16","351,000","10.20","10.20","10.00","10.00","-","0.25","10.05","2","10.20","2","0.00",
"2441","超豐","1,023,990","644","38,977,569","38.20","38.20","37.90","38.10","-","0.05","38.10","2","38.15","3","9.67",
"2442","新美齊","245,316","92","2,111,611","8.64","8.64","8.55","8.57"," ","0.00","8.57","19","8.59","6","11.90",
"2443","昶虹","4,089,462","924","48,863,614","12.10","12.15","11.80","12.00","-","0.10","11.95","112","12.00","67","3.04",
"2444","兆勁","227,464","104","3,984,209","17.60","17.65","17.45","17.50","-","0.05","17.50","16","17.55","43","0.00",
"2448","晶電","5,566,876","3,068","331,138,464","60.50","60.50","58.80","58.80","-","1.30","58.70","171","58.80","73","31.44",
"2449","京元電子","13,815,399","4,811","372,947,081","26.80","27.25","26.75","27.10","+","0.50","27.05","325","27.10","2","13.42",
"2450","神腦","349,978","252","17,905,273","51.00","51.30","51.00","51.10","+","0.10","51.10","17","51.20","6","23.99",
"2451","創見","412,887","352","42,758,304","104.50","104.50","103.00","104.00","+","0.50","103.50","17","104.00","71","13.13",
"2453","凌群","2,128,912","897","33,680,450","15.60","16.15","15.60","15.95","+","0.65","15.95","8","16.00","144","16.28",
"2454","聯發科","5,540,011","3,311","2,634,602,239","476.00","477.00","474.00","477.00","+","4.00","476.00","20","477.00","30","16.71",
"2455","全新","1,580,793","834","52,324,425","33.00","33.40","32.90","33.40","+","0.50","33.25","4","33.40","31","21.69",
"2456","奇力新","3,526,660","2,063","161,642,603","44.65","46.90","44.30","46.50","+","1.90","46.50","23","46.55","2","19.46",
"2457","飛宏","1,086,373","335","18,204,387","16.80","16.90","16.65","16.65","-","0.15","16.60","45","16.65","7","37.84",
"2458","義隆","7,913,786","3,560","423,024,227","53.50","53.90","52.80","53.50","+","0.30","53.50","55","53.60","120","14.38",
"2459","敦吉","65,600","111","2,829,938","43.30","43.45","42.80","43.10","-","0.20","43.10","3","43.20","7","10.88",
"2460","建通","89,044","57","1,151,798","13.00","13.00","12.80","12.90","-","0.05","12.90","10","13.00","3","26.33",
"2461","光群雷","197,163","128","3,183,763","16.30","16.30","16.05","16.10","-","0.20","16.10","18","16.15","5","16.26",
"2462","良得電","88,084","81","2,128,517","24.25","24.25","24.05","24.05","-","0.15","24.05","6","24.20","2","12.72",
"2464","盟立","366,784","197","10,814,838","29.75","29.75","29.40","29.45","-","0.05","29.45","16","29.50","12","15.58",
"2465","麗臺","318,207","151","3,685,071","11.80","11.80","11.55","11.60","-","0.20","11.60","10","11.70","15","0.00",
"2466","冠西電","107,000","83","3,727,050","34.80","35.00","34.70","34.95","+","0.10","34.75","3","34.95","2","0.00",
"2467","志聖","183,281","154","3,994,918","21.80","21.90","21.70","21.85","+","0.15","21.80","4","21.85","4","15.17",
"2468","華經","54,000","30","697,300","12.95","12.95","12.80","12.95","+","0.05","12.90","50","12.95","7","20.23",
"2471","資通","67,242","59","1,049,438","15.75","15.75","15.55","15.55","-","0.20","15.55","14","15.70","3","21.60",
"2472","立隆電","1,445,813","585","60,855,127","42.00","42.55","41.70","42.30","+","0.30","42.10","5","42.30","9","12.19",
"2474","可成","5,539,328","3,396","1,608,824,623","292.00","292.50","288.50","289.00","+","2.00","289.00","96","289.50","1","14.87",
"2475","華映","912,108","166","1,346,363","1.49","1.50","1.46","1.48","-","0.01","1.47","379","1.48","224","0.00",
"2476","鉅祥","135,613","65","3,661,306","27.00","27.05","26.95","27.00"," ","0.00","27.00","3","27.10","5","12.00",
"2477","美隆電","203,380","104","2,686,935","13.15","13.45","13.10","13.20","-","0.05","13.20","2","13.30","8","0.00",
"2478","大毅","3,936,479","1,170","72,590,145","17.80","18.60","17.50","18.60","+","1.20","18.60","603","--","0","41.33",
"2480","敦陽科","95,401","69","2,741,047","28.70","28.90","28.65","28.85","+","0.05","28.80","12","28.85","10","19.63",
"2481","強茂","2,914,760","845","43,625,500","15.05","15.15","14.85","14.90"," ","0.00","14.90","258","14.95","34","82.78",
"2482","連宇","2,411,560","1,139","46,432,082","19.15","19.65","18.95","19.00","+","0.25","19.00","110","19.05","3","0.00",
"2483","百容","2,000,553","1,016","52,369,036","26.85","26.85","25.85","25.95","-","0.70","25.95","19","26.10","2","15.09",
"2484","希華","1,839,857","673","43,170,888","23.60","23.60","23.40","23.40","-","0.05","23.40","3","23.45","37","16.36",
"2485","兆赫","2,677,671","1,109","88,232,143","32.90","33.50","32.40","33.20","+","0.55","33.20","8","33.25","15","17.95",
"2486","一詮","1,187,554","401","23,004,747","19.65","19.70","19.25","19.25","-","0.30","19.25","1","19.35","20","15.91",
"2488","漢平","110,109","73","2,348,671","21.30","21.45","21.25","21.30","+","0.05","21.25","13","21.30","1","7.24",
"2489","瑞軒","1,089,569","665","19,227,067","17.65","17.70","17.55","17.60","+","0.05","17.60","40","17.65","5","15.17",
"2491","吉祥全","571,557","270","8,879,839","15.70","16.00","15.10","15.45","+","0.15","15.45","1","15.50","1","3.12",
"2492","華新科","11,471,076","2,889","172,941,725","15.50","15.50","14.75","15.00","-","0.50","14.95","95","15.00","342","18.52",
"2493","揚博","807,061","402","24,146,898","29.60","30.15","29.60","29.90","+","0.30","29.85","23","29.90","13","10.91",
"2495","普安","149,336","72","2,509,377","16.85","16.90","16.70","16.85","+","0.05","16.75","5","16.85","15","52.66",
"2496","卓越","3,000","2","21,900","7.30","7.30","7.30","7.30"," ","0.00","7.29","5","--","0","0.00",
"2497","怡利電","343,574","253","25,803,635","75.60","75.60","74.80","75.20","-","0.40","75.10","15","75.20","12","18.34",
"2498","宏達電","8,345,919","5,548","1,256,704,864","154.00","154.00","149.00","149.00","-","4.00","149.00","195","149.50","76","83.24",
"2499","東貝","8,649,841","3,597","303,266,005","35.10","35.35","34.75","34.90","-","0.10","34.90","73","35.00","154","20.17",
"2501","國建","2,170,958","694","38,197,808","17.70","17.80","17.40","17.60"," ","0.00","17.60","2","17.65","171","34.51",
"2504","國產","1,343,996","233","13,980,935","10.40","10.45","10.35","10.35","-","0.05","10.35","674","10.40","101","14.79",
"2505","國揚","503,750","226","7,093,439","14.05","14.25","13.95","14.05","+","0.05","14.05","22","14.15","14","5.11",
"2506","太設","181,299","115","2,465,419","13.60","13.65","13.55","13.60"," ","0.00","13.55","17","13.60","11","5.99",
"2509","全坤建","46,200","24","1,101,900","23.80","23.95","23.75","23.85","+","0.10","23.85","5","23.90","10","0.00",
"2511","太子","1,177,622","439","14,980,920","12.80","12.85","12.65","12.75","-","0.05","12.75","7","12.80","164","7.68",
"2514","龍邦","1,181,175","149","27,593,623","22.75","23.45","22.75","23.40","+","0.55","23.10","54","23.40","1","23.88",
"2515","中工","2,107,136","521","16,175,889","7.68","7.70","7.66","7.68","-","0.01","7.67","1","7.68","31","23.27",
"2516","新建","114,522","86","1,000,643","8.74","8.76","8.71","8.71","-","0.04","8.71","4","8.74","3","7.64",
"2520","冠德","7,392,110","2,372","233,767,860","32.00","32.10","31.25","31.60","-","0.10","31.60","25","31.65","6","6.78",
"2524","京城","123,275","67","3,291,764","26.80","26.80","26.60","26.70","-","0.10","26.70","1","26.75","1","10.55",
"2527","宏璟","1,151,273","477","25,303,409","21.00","22.30","21.00","22.30","+","1.45","22.30","16","--","0","4.25",
"2528","皇普","12,000","7","144,900","12.10","12.10","12.00","12.00"," ","0.00","11.95","1","12.10","11","5.61",
"2530","華建","391,525","201","6,400,987","16.35","16.50","16.20","16.35","-","0.15","16.35","24","16.40","13","0.00",
"2534","宏盛","650,591","352","12,891,528","20.00","20.00","19.70","19.80","+","0.20","19.75","11","19.80","60","70.71",
"2535","達欣工","206,409","175","4,143,233","20.20","20.20","20.00","20.15","-","0.05","20.10","8","20.15","10","7.63",
"2536","宏普","518,444","227","13,899,030","27.35","27.35","26.30","26.80"," ","0.00","26.80","15","26.85","4","6.72",
"2537","聯上發","297,214","97","3,467,180","11.60","11.70","11.60","11.70","+","0.10","11.65","10","11.70","8","7.96",
"2538","基泰","4,004,064","1,437","82,035,010","20.20","20.70","20.20","20.60","+","0.45","20.55","30","20.60","17","5.45",
"2539","櫻花建","36,000","11","1,209,300","33.60","33.70","33.50","33.60"," ","0.00","33.60","5","33.70","1","4.93",
"2540","愛山林","123","2","4,273","--","--","--","--"," ","0.00","36.00","2","36.40","1","10.67",
"2542","興富發","2,652,393","1,562","177,180,068","66.90","67.40","66.50","66.60","-","0.30","66.60","61","66.70","1","6.01",
"2543","皇昌","54,581","59","634,270","11.70","11.75","11.50","11.65","-","0.05","11.55","4","11.65","14","7.06",
"2545","皇翔","144,767","112","6,613,894","46.00","46.00","45.55","45.60","+","0.15","45.60","3","45.70","10","15.41",
"2546","根基","111,027","71","1,866,437","16.95","16.95","16.70","16.80","-","0.10","16.80","10","16.85","1","8.98",
"2547","日勝生","1,657,139","817","27,178,667","16.30","16.55","16.30","16.55","+","0.15","16.50","1","16.55","119","8.58",
"2548","華固","817,346","594","48,207,687","59.50","59.50","58.60","59.20","-","0.30","59.00","63","59.20","3","0.00",
"2597","潤弘","50,151","44","3,304,658","66.00","66.00","65.70","65.70","-","0.10","65.70","2","65.90","2","7.44",
"2601","益航","517,136","222","8,651,637","16.85","16.95","16.65","16.70","-","0.15","16.65","62","16.70","9","92.78",
"2603","長榮","14,661,387","4,725","338,664,452","23.50","23.55","22.80","23.20","+","0.15","23.10","33","23.20","133","80.00",
"2605","新興","346,279","296","8,687,875","25.10","25.20","25.00","25.00","-","0.10","25.00","80","25.10","13","13.66",
"2606","裕民","366,671","236","17,357,183","47.55","47.65","47.15","47.30","-","0.25","47.20","1","47.30","28","16.54",
"2607","榮運","528,704","170","9,614,124","18.20","18.25","18.15","18.15","-","0.05","18.15","59","18.20","145","33.00",
"2608","嘉里大榮","163,466","147","6,351,674","38.85","39.25","38.50","39.20","+","0.35","39.20","2","39.25","3","20.10",
"2609","陽明","32,116,003","6,123","560,343,867","17.25","17.65","17.25","17.50","+","0.50","17.45","151","17.50","45","35.71",
"2610","華航","16,156,075","4,328","244,907,125","15.35","15.35","15.00","15.30","-","0.10","15.30","74","15.35","631","0.00",
"2611","志信","221,294","157","2,381,124","10.70","10.85","10.70","10.85","+","0.15","10.80","2","10.85","10","14.09",
"2612","中航","72,525","66","2,408,264","33.05","33.50","32.80","33.00"," ","0.00","32.95","3","33.10","1","28.70",
"2613","中櫃","87,400","98","1,640,401","18.80","18.90","18.70","18.80"," ","0.00","18.75","12","18.85","8","12.13",
"2614","東森","844,691","370","8,438,883","10.00","10.05","9.96","9.97","-","0.03","9.97","3","9.98","64","0.00",
"2615","萬海","15,526,445","6,160","560,194,730","35.00","37.45","34.85","37.45","+","2.45","37.40","13","37.45","233","17.34",
"2616","山隆","14,204","74","347,569","24.50","24.50","24.45","24.50","+","0.05","24.40","21","24.50","8","12.07",
"2617","台航","146,000","80","2,996,800","20.50","20.70","20.45","20.65","+","0.15","20.60","12","20.65","2","29.08",
"2618","長榮航","13,384,378","3,793","305,046,992","23.00","23.05","22.50","22.90","-","0.10","22.85","70","22.90","15","0.00",
"2634","漢翔","3,392,341","2,256","126,551,351","37.00","37.70","37.00","37.45","+","0.50","37.45","44","37.50","49","29.72",
"2637","慧洋-KY","838,703","667","31,063,011","37.00","37.20","36.85","37.10"," ","0.00","37.05","10","37.10","51","10.88",
"2642","宅配通","238,120","187","10,939,343","46.30","46.65","45.65","45.75","-","0.45","45.75","12","45.80","11","29.14",
"2701","萬企","60,127","35","911,015","15.05","15.25","15.05","15.20","+","0.10","15.10","3","15.20","2","21.41",
"2702","華園","5,552","9","90,491","16.30","16.35","16.30","16.30","-","0.05","16.25","11","16.30","9","30.19",
"2704","國賓","85,338","82","2,354,485","27.60","27.70","27.50","27.65","+","0.05","27.55","1","27.65","1","24.25",
"2705","六福","1,144,031","298","13,238,794","11.55","11.65","11.50","11.50","-","0.05","11.50","47","11.60","21","0.00",
"2706","第一店","97,672","41","1,967,455","20.20","20.20","20.10","20.10","-","0.15","20.10","7","20.15","5","20.10",
"2707","晶華","193,951","163","63,539,428","328.50","329.00","325.00","329.00","+","0.50","328.50","16","329.00","20","35.15",
"2712","遠雄來","25,030","12","538,342","21.50","21.60","21.50","21.50"," ","0.00","21.50","7","21.55","2","22.63",
"2722","夏都","13,450","15","595,007","44.80","44.80","43.85","44.30","-","0.50","44.30","1","44.40","3","26.06",
"2723","美食-KY","262,000","198","43,240,500","165.50","166.00","164.50","165.00","-","0.50","164.00","5","165.00","38","57.09",
"2727","王品","176,382","174","48,883,578","279.00","279.00","276.50","276.50","-","2.50","276.50","1","278.00","10","25.39",
"2731","雄獅","60,100","40","5,677,300","95.00","95.40","94.10","94.30","-","0.10","94.30","3","95.00","4","16.43",
"2801","彰銀","5,250,457","1,409","96,669,647","18.40","18.45","18.35","18.45"," ","0.00","18.40","75","18.45","844","13.37",
"2809","京城銀","2,559,478","1,514","85,994,281","33.80","33.90","33.40","33.55","-","0.35","33.55","103","33.65","43","7.78",
"2812","台中銀","5,390,351","1,012","56,147,220","10.45","10.50","10.40","10.40","-","0.05","10.40","286","10.45","643","8.13",
"2816","旺旺保","330,906","139","8,157,344","24.70","24.80","24.50","24.55","-","0.35","24.55","30","24.60","10","8.41",
"2820","華票","2,211,617","926","25,994,161","11.80","11.80","11.70","11.80"," ","0.00","11.75","224","11.80","789","12.29",
"2823","中壽","6,757,369","3,732","181,876,460","27.20","27.20","26.80","26.95","-","0.05","26.90","7","26.95","106","14.18",
"2832","台產","191,250","94","4,389,652","23.00","23.00","22.90","22.95","-","0.05","22.90","22","22.95","12","12.34",
"2833","台壽保","2,383,932","690","57,412,918","24.35","24.35","23.95","24.10","-","0.20","24.10","77","24.15","56","15.86",
"2833A","台壽甲","1","1","37","--","--","--","--"," ","0.00","37.30","14","38.00","2","0.00",
"2834","臺企銀","5,260,798","1,188","48,970,241","9.34","9.35","9.29","9.32","-","0.01","9.31","1","9.32","27","9.23",
"2836","高雄銀","909,639","211","8,305,373","9.11","9.16","9.11","9.16","+","0.05","9.15","73","9.16","15","14.31",
"2838","聯邦銀","266,013","104","2,799,383","10.50","10.55","10.50","10.50","-","0.05","10.50","453","10.55","225","8.40",
"2841","台開","3,371,964","920","39,289,252","11.65","11.75","11.55","11.70","+","0.10","11.70","65","11.75","377","35.45",
"2845","遠東銀","2,865,444","432","30,311,951","10.55","10.65","10.50","10.50","-","0.10","10.50","932","10.60","188","9.13",
"2847","大眾銀","772,466","303","8,155,717","10.60","10.60","10.50","10.55","-","0.05","10.50","696","10.55","45","10.45",
"2849","安泰銀","74,001","36","1,078,064","14.60","14.65","14.50","14.60","-","0.10","14.55","11","14.60","2","7.64",
"2850","新產","147,044","98","3,609,334","24.70","24.70","24.50","24.50","-","0.15","24.50","35","24.60","53","6.35",
"2851","中再保","120,200","46","2,027,989","16.95","16.95","16.75","16.95","+","0.05","16.90","4","16.95","42","12.56",
"2852","第一保","262,024","136","4,015,513","15.30","15.45","15.30","15.30","-","0.10","15.30","18","15.40","13","10.07",
"2855","統一證","570,495","295","9,238,410","16.15","16.30","16.15","16.15"," ","0.00","16.15","18","16.20","19","13.13",
"2856","元富證","810,138","252","8,412,821","10.45","10.45","10.35","10.40"," ","0.00","10.35","104","10.40","79","10.72",
"2867","三商壽","362,092","233","6,203,864","17.20","17.20","17.05","17.15"," ","0.00","17.10","5","17.15","90","9.91",
"2880","華南金","5,965,962","2,126","106,707,506","18.00","18.10","17.75","17.75","-","0.25","17.75","707","17.85","60","13.55",
"2881","富邦金","19,340,906","7,980","1,079,268,694","56.40","56.80","55.20","55.90","-","0.10","55.70","72","55.90","83","9.62",
"2882","國泰金","16,620,051","5,795","790,019,878","48.00","48.10","47.20","47.50","-","0.30","47.50","32","47.55","225","12.77",
"2883","開發金","32,707,241","5,315","357,235,703","11.00","11.00","10.80","10.85","-","0.05","10.80","2,061","10.85","441","16.19",
"2884","玉山金","11,668,280","4,847","226,920,897","19.60","19.65","19.30","19.40","-","0.20","19.35","267","19.40","82","13.38",
"2885","元大金","20,415,552","4,298","324,599,475","15.90","16.00","15.80","15.95","+","0.05","15.90","93","15.95","1,300","10.09",
"2886","兆豐金","23,483,772","5,594","580,039,634","24.95","25.00","24.50","24.50","-","0.45","24.50","1,199","24.60","7","10.84",
"2887","台新金","20,567,041","4,613","275,747,833","13.45","13.50","13.35","13.35","-","0.10","13.35","423","13.40","437","8.40",
"2888","新光金","18,468,765","4,018","166,718,785","9.05","9.06","9.01","9.03","+","0.01","9.02","491","9.03","174","14.80",
"2889","國票金","11,014,557","1,743","96,074,985","8.60","8.81","8.57","8.75","+","0.20","8.74","121","8.75","13","11.99",
"2890","永豐金","32,386,992","4,976","414,475,284","12.90","12.95","12.70","12.75","-","0.10","12.75","387","12.80","1,861","8.23",
"2891","中信金","36,433,573","6,746","753,132,765","20.90","20.90","20.55","20.65","-","0.25","20.60","2,114","20.65","309","7.76",
"2892","第一金","10,169,730","2,138","188,865,334","18.55","18.65","18.50","18.65","+","0.10","18.60","738","18.65","812","12.95",
"2901","欣欣","2,006","8","62,386","31.10","31.10","31.10","31.10"," ","0.00","31.10","1","31.15","2","62.20",
"2903","遠百","3,200,527","1,753","86,140,325","27.15","27.15","26.75","26.80","-","0.20","26.75","216","26.80","292","21.97",
"2904","匯僑","162,762","140","4,547,936","27.95","28.00","27.85","28.00","+","0.05","28.00","3","28.10","2","12.84",
"2905","三商","921,696","345","19,480,165","20.90","21.35","20.90","21.15","+","0.05","21.15","59","21.20","12","8.17",
"2906","高林","318,388","115","4,659,364","14.55","14.70","14.55","14.70","+","0.20","14.60","41","14.70","40","15.81",
"2908","特力","381,542","162","7,860,609","20.75","20.75","20.55","20.60","-","0.20","20.55","20","20.60","11","14.82",
"2910","統領","0","0","0","--","--","--","--"," ","0.00","36.65","3","37.50","1","39.73",
"2911","麗嬰房","608,693","290","10,246,706","16.50","17.10","16.45","16.85","+","0.35","16.80","6","16.85","10","0.00",
"2912","統一超","1,681,763","1,247","418,612,513","247.00","251.50","246.00","251.50","+","7.50","250.00","2","251.50","122","28.68",
"2913","農林","1,915,362","598","33,719,382","17.80","17.85","17.50","17.55","-","0.25","17.55","14","17.60","18","14.39",
"2915","潤泰全","1,472,679","1,016","99,468,784","68.30","68.30","66.80","67.30","-","0.50","67.20","18","67.30","11","1.40",
"2923","鼎固-KY","35,000","21","938,950","26.70","26.95","26.70","26.80","-","0.50","26.75","1","26.80","1","17.40",
"2929","淘帝-KY","238,500","182","26,423,500","111.50","111.50","109.50","110.50","-","0.50","110.50","10","111.00","6","9.53",
"3002","歐格","132,190","75","2,011,227","15.15","15.40","15.10","15.25","+","0.30","15.25","5","15.30","39","21.48",
"3003","健和興","553,500","312","22,123,900","40.10","40.35","39.70","39.85","-","0.25","39.85","11","39.95","1","15.27",
"3004","豐達科","752,813","440","33,739,085","43.00","45.75","43.00","45.75","+","2.95","45.75","159","--","0","0.00",
"3005","神基","3,442,324","1,269","63,810,161","18.80","18.90","18.40","18.40","-","0.30","18.40","149","18.45","11","22.17",
"3006","晶豪科","1,496,561","856","74,548,812","50.10","50.10","49.55","49.95","+","0.20","49.90","32","49.95","22","13.84",
"3008","大立光","667,939","631","1,788,635,300","2,710.00","2,720.00","2,655.00","2,655.00","-","25.00","2,650.00","58","2,660.00","1","23.11",
"3010","華立","387,627","188","21,135,945","54.20","54.80","54.20","54.60","+","0.20","54.50","69","54.60","30","10.30",
"3011","今皓","326,855","169","3,410,598","10.50","10.60","10.30","10.40","-","0.20","10.40","18","10.45","18","0.00",
"3013","晟銘電","1,499,000","515","40,538,650","26.90","27.30","26.50","27.10","+","0.40","27.10","33","27.15","1","37.64",
"3014","聯陽","933,826","547","35,764,572","38.60","38.60","38.05","38.15","-","0.10","38.15","27","38.25","2","16.37",
"3015","全漢","320,753","151","8,402,463","26.20","26.40","26.05","26.20","+","0.20","26.20","2","26.25","6","14.24",
"3016","嘉晶","171,223","121","2,919,141","17.20","17.20","16.95","17.00","-","0.05","17.00","3","17.05","2","0.00",
"3017","奇鋐","4,347,693","1,577","105,947,663","24.20","24.65","24.05","24.25","+","0.05","24.25","167","24.30","1","13.40",
"3018","同開","223,553","199","4,523,634","20.80","20.80","19.90","20.20"," ","0.00","20.05","6","20.25","2","19.61",
"3019","亞光","4,594,625","2,463","205,400,946","45.55","45.55","44.25","44.35","-","1.05","44.30","111","44.35","16","0.00",
"3021","鴻名","103,017","53","1,398,929","13.70","13.70","13.50","13.55","-","0.15","13.55","2","13.60","2","22.21",
"3022","威強電","1,130,591","635","57,993,649","51.50","51.50","51.00","51.30"," ","0.00","51.30","65","51.40","20","11.82",
"3023","信邦","2,257,412","1,437","109,079,908","48.00","48.90","47.60","48.00","+","0.40","48.00","372","48.05","7","12.50",
"3024","憶聲","395,785","169","2,544,806","6.48","6.50","6.39","6.46","-","0.02","6.42","5","6.46","6","0.00",
"3025","星通","114,003","34","1,308,083","11.60","11.60","11.40","11.40","-","0.05","11.40","50","11.45","2","114.00",
"3026","禾伸堂","552,098","329","24,448,752","44.50","44.60","43.90","44.60","+","0.50","44.50","15","44.60","8","10.49",
"3027","盛達","408,193","152","7,028,276","17.15","17.35","17.10","17.35","+","0.20","17.30","14","17.35","5","48.19",
"3028","增你強","346,819","102","6,042,839","17.50","17.50","17.35","17.45","-","0.05","17.45","2","17.50","17","19.18",
"3029","零壹","77,006","58","1,311,402","17.20","17.20","16.90","16.95","-","0.05","16.95","1","17.05","13","15.13",
"3030","德律","1,236,205","677","64,397,060","52.00","52.30","51.90","52.00"," ","0.00","51.90","138","52.00","39","10.18",
"3031","佰鴻","155,280","86","2,277,415","14.80","14.85","14.60","14.60","-","0.10","14.60","21","14.65","2","29.20",
"3032","偉訓","144,000","72","3,288,050","23.20","23.20","22.75","22.80"," ","0.00","22.80","1","22.85","3","14.34",
"3033","威健","338,519","170","8,046,533","23.80","23.85","23.70","23.75","-","0.05","23.75","26","23.85","53","11.93",
"3034","聯詠","5,328,919","3,363","906,262,288","169.00","173.50","167.50","173.00","+","4.00","173.00","12","173.50","133","16.68",
"3035","智原","4,313,346","1,910","175,760,599","40.95","41.20","40.30","40.30","-","0.35","40.30","185","40.50","1","23.29",
"3036","文曄","3,119,469","1,926","149,561,011","48.70","48.70","47.60","47.65","-","1.05","47.65","32","47.70","3","10.10",
"3037","欣興","8,463,176","3,517","178,104,547","21.30","21.35","20.90","20.95","-","0.20","20.95","51","21.00","117","55.13",
"3038","全台","490,430","196","3,955,620","8.09","8.16","7.98","8.05","-","0.04","8.02","1","8.05","26","12.38",
"3040","遠見","715,030","408","33,875,395","47.40","48.90","46.80","46.85","+","0.35","46.80","8","46.85","2","7.86",
"3041","揚智","10,659,533","3,811","298,114,222","28.20","28.20","27.65","27.95","+","0.50","27.90","32","27.95","228","28.81",
"3042","晶技","1,449,335","837","55,689,184","38.30","38.60","38.10","38.50","+","0.25","38.45","15","38.50","68","12.22",
"3043","科風","132,309","39","626,179","4.75","4.75","4.54","4.70","-","0.02","4.58","10","4.70","5","0.00",
"3044","健鼎","2,058,790","1,477","140,518,339","68.50","69.00","67.80","67.90","-","1.40","67.90","10","68.00","3","14.29",
"3045","台灣大","4,597,630","2,621","501,611,170","108.00","110.00","107.50","110.00","+","2.50","109.50","182","110.00","96","19.96",
"3046","建碁","1,419,139","412","16,296,100","11.55","11.75","11.25","11.70","+","0.30","11.70","12","11.75","4","0.00",
"3047","訊舟","421,743","187","5,129,114","12.15","12.20","12.10","12.20","+","0.05","12.20","6","12.25","36","20.00",
"3048","益登","536,052","326","14,775,034","27.70","27.70","27.50","27.55","+","0.05","27.55","4","27.60","18","12.58",
"3049","和鑫","1,871,116","553","14,311,024","7.71","7.71","7.59","7.61","-","0.10","7.61","45","7.62","1","50.73",
"3050","鈺德","371,048","115","2,608,356","7.06","7.06","6.95","6.97","-","0.03","6.96","5","6.97","43","0.00",
"3051","力特","2,808,823","516","38,874,970","13.95","14.25","13.50","13.70","-","0.30","13.70","13","13.75","50","15.93",
"3052","夆典","282,900","96","3,405,250","12.10","12.15","12.00","12.00","-","0.10","12.00","205","12.05","25","2.07",
"3054","立萬利","3,407,000","779","56,979,300","16.25","16.90","16.25","16.90","+","1.10","16.90","1,227","--","0","40.24",
"3055","蔚華科","240,160","122","4,653,021","19.30","19.50","19.25","19.35","-","0.05","19.35","7","19.40","25","0.00",
"3056","總太","355,276","98","6,840,047","19.40","19.40","19.20","19.30"," ","0.00","19.20","23","19.30","89","48.25",
"3057","喬鼎","3,091,162","1,802","104,311,338","33.00","34.25","32.95","33.85","+","1.05","33.85","8","33.90","66","14.34",
"3058","立德","262,446","100","3,123,332","11.90","11.95","11.85","11.95","+","0.05","11.90","9","12.00","57","239.00",
"3059","華晶科","1,296,110","773","47,462,430","37.30","37.30","36.40","36.45","-","0.75","36.45","6","36.50","11","0.00",
"3060","銘異","1,453,845","825","219,829,652","152.50","153.00","150.00","150.50","-","1.00","150.50","1,514","151.50","10","38.69",
"3062","建漢","752,845","442","17,910,794","24.10","24.10","23.60","23.60","+","0.10","23.60","10","23.70","1","32.33",
"3090","日電貿","226,182","194","6,073,128","27.00","27.00","26.70","26.80","-","0.10","26.75","14","26.80","2","14.49",
"3094","聯傑","341,672","234","11,553,905","34.05","34.10","33.65","33.70","-","0.35","33.70","7","33.75","1","34.04",
"3130","一零四","29,050","28","4,574,025","157.00","159.50","156.50","156.50","-","3.00","156.50","1","157.00","1","16.99",
"3149","正達","551,000","282","15,012,200","27.50","27.60","27.00","27.30"," ","0.00","27.30","8","27.40","12","0.00",
"3164","景岳","510,400","371","17,818,275","35.95","35.95","34.30","34.50","-","1.45","34.50","11","34.65","15","0.00",
"3167","大量","151,450","94","5,849,015","38.45","38.85","38.35","38.70","+","0.40","38.65","2","38.70","6","14.66",
"3189","景碩","2,098,525","1,504","213,125,550","101.50","102.50","101.00","101.50"," ","0.00","101.50","36","102.00","147","12.52",
"3209","全科","330,294","245","10,486,697","31.80","31.90","31.65","31.70","-","0.10","31.65","20","31.70","5","11.36",
"3229","晟鈦","80,003","57","2,570,896","31.70","32.45","31.70","31.90"," ","0.00","31.90","1","32.05","2","51.45",
"3231","緯創","19,663,380","6,464","584,761,487","29.80","29.90","29.50","29.80","+","0.15","29.75","462","29.80","219","18.63",
"3257","虹冠電","217,427","187","16,631,411","77.00","77.00","76.30","76.40","-","0.70","76.40","3","76.70","8","13.94",
"3266","昇陽","138,000","47","2,770,200","20.20","20.20","20.00","20.00","-","0.10","20.00","36","20.15","8","3.10",
"3296","勝德","235,433","46","5,083,766","21.70","21.70","21.50","21.50","-","0.10","21.50","7","21.60","4","0.00",
"3305","昇貿","71,139","84","2,290,180","32.25","32.25","32.15","32.25","+","0.10","32.20","6","32.25","3","11.86",
"3308","聯德","407,000","213","4,067,050","10.25","10.25","9.61","9.61","-","0.59","9.60","8","9.94","2","0.00",
"3311","閎暉","6,396,161","2,949","146,241,978","22.15","23.40","22.10","22.75","+","0.60","22.75","35","22.80","2","0.00",
"3312","弘憶股","207,693","88","2,573,592","12.35","12.45","12.35","12.45","+","0.10","12.35","9","12.45","17","13.39",
"3315","宣昶","102,000","49","2,007,400","19.80","19.90","19.55","19.55","-","0.05","19.55","3","19.70","20","11.50",
"3338","泰碩","1,346,000","664","50,648,000","37.70","38.40","36.90","37.00","-","0.65","36.95","10","37.00","11","15.55",
"3356","奇偶","121,030","126","13,747,390","113.50","114.50","113.00","113.00","-","0.50","113.00","23","113.50","2","15.96",
"3376","新日興","1,571,095","924","121,770,515","78.80","78.80","76.70","77.60","-","0.30","77.50","9","77.60","22","13.96",
"3380","明泰","1,896,229","819","34,891,947","18.50","18.55","18.20","18.45","+","0.15","18.40","2","18.45","39","15.77",
"3383","新世紀","704,999","287","11,017,583","15.75","15.75","15.45","15.70"," ","0.00","15.70","20","15.75","72","30.19",
"3406","玉晶光","1,950,056","1,193","201,836,293","106.00","106.00","102.50","103.00","-","2.50","103.00","129","103.50","39","0.00",
"3416","融程電","53,400","41","3,248,200","61.00","61.00","60.70","60.90","-","0.10","60.80","2","60.90","3","16.15",
"3419","譁裕","168,331","71","2,167,519","12.95","12.95","12.80","12.95","+","0.05","12.90","20","12.95","7","0.00",
"3432","台端","477,000","222","11,477,700","24.75","24.75","23.85","24.00","-","0.50","24.00","45","24.05","1","63.16",
"3437","榮創","281,614","163","15,127,764","53.80","54.10","53.50","53.50","-","0.20","53.50","17","53.60","25","12.47",
"3443","創意","304,764","254","26,577,688","87.30","87.90","86.80","87.00","-","0.30","86.90","7","87.10","156","23.84",
"3450","聯鈞","9,328,757","3,954","1,016,660,120","105.00","110.50","105.00","109.00","+","5.50","108.50","11","109.00","4","11.85",
"3454","晶睿","275,396","286","26,901,422","98.60","98.60","97.30","97.30","-","1.20","97.30","5","97.40","2","16.30",
"3474","華亞科","27,117,151","8,326","1,245,728,725","46.30","46.50","45.55","45.90","-","0.45","45.85","37","45.90","5","5.68",
"3481","群創","164,316,097","25,851","2,538,908,907","16.10","16.20","15.10","15.40","-","0.70","15.35","257","15.40","1,507","16.74",
"3494","誠研","903,018","402","13,641,170","15.55","15.55","14.95","15.00","-","0.45","14.95","25","15.00","6","34.88",
"3501","維熹","119,204","82","5,670,292","47.70","47.70","47.40","47.60","-","0.10","47.55","13","47.60","3","13.96",
"3504","揚明光","328,052","248","20,457,544","63.10","63.40","62.00","62.00","-","1.10","62.00","40","62.20","1","36.69",
"3514","昱晶","2,717,293","1,138","61,463,306","22.70","23.00","22.40","22.55","-","0.05","22.55","34","22.60","42","125.28",
"3515","華擎","55,300","41","4,015,830","72.80","73.00","72.10","72.90","-","0.30","72.90","5","73.20","10","13.86",
"3518","柏騰","143,140","107","7,290,102","50.80","51.40","50.60","51.20","+","0.40","50.90","1","51.20","2","0.00",
"3519","綠能","950,920","518","18,154,087","19.15","19.30","19.00","19.00","-","0.10","19.00","354","19.05","8","0.00",
"3532","台勝科","1,014,366","690","69,074,592","69.20","69.20","67.20","68.70","-","0.50","68.70","9","68.80","29","64.81",
"3533","嘉澤","1,165,371","809","173,152,722","147.00","150.50","147.00","147.50","+","0.50","147.50","15","148.00","5","12.56",
"3535","晶彩科","1,071,030","280","15,717,185","14.65","14.75","14.40","14.60"," ","0.00","14.60","37","14.65","3","1,460.00",
"3545","敦泰","6,409,734","2,840","243,455,822","38.30","38.50","37.60","37.90","-","0.15","37.90","15","37.95","24","35.75",
"3550","聯穎","90,000","46","1,511,150","16.90","16.90","16.70","16.90"," ","0.00","16.85","4","16.90","30","12.43",
"3557","嘉威","342,565","184","2,267,827","6.79","6.79","6.56","6.58","-","0.17","6.58","43","6.61","2","0.00",
"3559","全智科","523,185","294","10,600,176","20.50","20.60","20.10","20.15","-","0.35","20.15","28","20.20","1","17.83",
"3561","昇陽光電","1,483,894","836","29,061,875","19.75","19.85","19.40","19.45","-","0.25","19.45","14","19.50","23","49.87",
"3573","穎台","417,988","238","10,603,936","25.35","25.60","25.20","25.40","+","0.05","25.35","108","25.40","22","0.00",
"3576","聯合再生","2,755,544","1,332","73,725,931","27.00","27.15","26.60","26.60","-","0.35","26.60","63","26.65","7","23.13",
"3579","尚志","95,143","64","1,798,623","18.95","19.10","18.70","18.75","-","0.10","18.75","3","18.80","2","0.00",
"3583","辛耘","262,020","137","16,420,250","63.40","63.40","61.30","62.50","-","0.40","62.40","1","62.50","1","25.00",
"3584","介面","451,107","207","8,028,171","18.00","18.30","17.60","17.70","-","0.30","17.70","26","17.80","5","0.00",
"3588","通嘉","269,151","226","11,096,529","41.15","41.80","40.70","40.70"," ","0.00","40.70","4","40.90","5","17.10",
"3591","艾笛森","615,603","314","18,750,478","30.65","30.90","30.25","30.55","-","0.05","30.40","2","30.55","4","0.00",
"3593","力銘","7,458,030","2,959","149,808,560","21.50","21.65","19.35","19.35","-","1.45","--","0","19.35","245","0.00",
"3596","智易","1,558,639","843","69,278,423","44.40","44.90","44.10","44.60","+","0.60","44.60","52","44.65","35","12.15",
"3598","奕力","185,443","185","12,879,468","69.40","69.70","69.20","69.50","+","0.10","69.50","2","69.60","3","14.42",
"3605","宏致","454,294","325","18,800,981","41.65","41.85","40.80","40.90","-","0.70","40.90","3","41.05","1","10.33",
"3607","谷崧","2,389,502","1,354","170,909,201","71.80","72.60","70.80","71.30","+","0.10","71.20","8","71.40","13","17.52",
"3617","碩天","22,000","15","1,399,800","63.60","63.90","63.10","63.70","-","0.20","63.30","1","63.80","7","12.20",
"3622","洋華","203,148","132","4,468,940","22.10","22.20","21.90","21.90","-","0.20","21.90","4","21.95","1","0.00",
"3645","達邁","4,450,692","1,935","213,234,598","46.00","48.35","45.80","48.30","+","3.10","48.30","26","48.35","214","34.75",
"3653","健策","306,321","206","21,993,415","72.70","72.90","71.40","71.50","-","1.00","71.50","10","71.60","6","17.52",
"3661","世芯-KY","471,400","373","32,937,538","71.00","71.00","68.90","69.60","-","1.40","69.60","2","69.90","1","12.68",
"3665","貿聯-KY","694,271","477","77,657,581","113.00","113.00","110.50","111.50","-","1.50","111.50","26","112.00","3","16.49",
"3669","圓展","48,007","32","981,492","20.65","20.65","20.35","20.40","-","0.25","20.35","13","20.40","3","120.00",
"3673","TPK-KY","5,312,190","3,559","1,204,549,771","229.50","232.00","222.50","222.50","-","4.50","222.50","1","223.00","20","0.00",
"3679","新至陞","47,000","15","2,097,000","44.60","45.30","44.50","45.20","+","0.60","44.65","11","45.20","12","12.35",
"3682","亞太電","5,303,392","1,357","80,522,909","15.25","15.30","15.10","15.15","-","0.15","15.15","121","15.20","269","94.69",
"3686","達能","836,626","316","8,789,071","10.65","10.65","10.45","10.50","-","0.05","10.45","101","10.50","11","0.00",
"3694","海華","59,000","29","852,350","14.50","14.55","14.35","14.55","+","0.10","14.40","16","14.55","2","0.00",
"3698","隆達","2,876,600","1,183","90,700,658","31.70","31.80","31.30","31.35","-","0.35","31.35","41","31.40","17","30.44",
"3701","大眾控","19,989","39","175,851","8.51","9.00","8.51","9.00"," ","0.00","9.00","6","9.20","3","0.00",
"3702","大聯大","4,202,572","2,406","169,018,424","40.50","40.50","40.00","40.25","-","0.05","40.25","54","40.30","33","12.20",
"3703","欣陸","467,545","132","5,485,773","11.70","11.75","11.65","11.75","+","0.05","11.70","16","11.75","228","5.85",
"3704","合勤控","1,844,462","702","32,222,042","17.50","17.60","17.40","17.40","-","0.10","17.40","104","17.45","12","15.13",
"3705","永信","581,863","174","31,431,354","54.60","54.60","53.80","53.90","-","0.60","53.90","6","54.00","1","17.91",
"3706","神達","1,248,180","542","29,456,157","23.80","23.80","23.50","23.55","-","0.15","23.55","9","23.60","33","17.84",
"4104","佳醫","129,119","108","6,579,569","51.00","51.10","50.80","50.90","-","0.10","50.90","27","51.00","4","21.12",
"4106","雃博","941,583","672","54,037,822","57.90","58.00","57.00","57.30","-","0.60","57.20","13","57.40","2","23.97",
"4108","懷特","275,695","254","9,294,623","33.80","33.90","33.30","33.85","+","0.15","33.80","1","33.85","1","0.00",
"4119","旭富","260,702","226","17,356,762","66.70","66.90","66.30","66.60","-","0.10","66.50","20","66.60","17","18.25",
"4133","亞諾法","35,020","49","1,231,691","35.50","35.60","34.95","35.30"," ","0.00","35.00","4","35.35","1","38.37",
"4137","麗豐-KY","116,715","107","17,647,322","153.00","153.50","150.00","151.50","-","1.50","151.50","17","152.00","3","16.74",
"4141","龍燈-KY","120,903","94","6,156,379","51.20","51.30","50.70","51.00","-","0.20","50.90","5","51.00","11","12.56",
"4142","國光生","357,000","142","10,181,900","28.65","28.70","28.40","28.50","-","0.10","28.50","9","28.55","29","0.00",
"4144","康聯-KY","195,252","163","13,858,091","71.20","71.50","70.60","71.40","+","0.60","71.30","6","71.40","18","15.90",
"4164","承業醫","183,050","154","11,614,160","63.50","63.80","63.00","63.20"," ","0.00","63.10","7","63.40","1","33.98",
"4306","炎洲","572,050","215","8,756,749","15.35","15.40","15.20","15.25","-","0.10","15.25","19","15.30","55","37.20",
"4414","如興","374,279","151","6,530,788","17.70","17.70","17.35","17.35","-","0.25","17.35","47","17.40","15","40.35",
"4426","利勤","1,232,192","878","70,638,536","57.30","58.30","56.10","58.10","+","0.80","58.00","7","58.10","10","20.31",
"4526","東台","1,153,830","672","39,924,431","34.50","35.05","34.10","34.70","+","0.40","34.60","11","34.70","12","14.83",
"4532","瑞智","738,638","574","23,444,716","32.10","32.15","31.50","31.55","-","0.45","31.55","3","31.65","17","13.09",
"4536","拓凱","38,000","33","4,516,000","119.00","119.00","118.50","119.00"," ","0.00","118.50","12","119.00","84","22.67",
"4722","國精化","340,000","157","8,457,450","25.20","25.20","24.70","24.70","-","0.50","24.70","43","24.90","13","15.15",
"4725","信昌化","301,000","179","7,329,100","24.60","24.60","24.00","24.20","-","0.40","24.20","12","24.25","11","0.00",
"4733","上緯","2,806,760","1,965","482,502,200","166.00","174.50","165.50","170.00","+","6.50","170.00","3","170.50","5","22.76",
"4737","華廣","167,620","129","7,380,539","43.45","44.60","43.00","44.00","+","1.15","44.00","23","44.20","1","88.00",
"4746","台耀","113,002","58","7,697,137","68.70","68.70","67.90","68.00","-","0.30","68.00","26","68.40","8","22.82",
"4755","三福化","15,000","15","402,450","26.85","26.90","26.80","26.80","-","0.05","26.80","1","26.90","4","19.28",
"4904","遠傳","7,375,764","3,771","567,601,813","78.00","78.60","75.90","76.40","-","1.20","76.30","10","76.40","83","20.54",
"4906","正文","531,304","316","12,341,509","23.30","23.40","23.10","23.25","-","0.05","23.20","11","23.25","23","66.43",
"4915","致伸","6,198,653","2,983","271,486,572","44.30","44.35","43.60","43.60","-","0.60","43.60","227","43.65","51","15.85",
"4916","事欣科","81,285","47","2,471,785","30.60","30.60","30.30","30.35","-","0.25","30.30","13","30.40","2","60.70",
"4919","新唐","557,400","355","16,084,570","28.70","29.05","28.60","28.80","+","0.25","28.80","3","28.85","1","17.45",
"4930","燦星網","369,269","198","9,582,302","26.25","26.25","25.80","26.00","+","0.25","26.00","3","26.05","10","0.00",
"4934","太極","1,011,000","475","18,567,800","18.60","18.70","18.20","18.20","-","0.20","18.20","60","18.25","2","20.22",
"4935","茂林-KY","673,050","344","31,405,407","46.70","46.90","46.40","46.70","+","0.20","46.70","12","46.80","3","12.55",
"4938","和碩","11,479,752","5,989","976,748,576","86.60","86.90","83.70","85.90","-","0.30","85.80","1","85.90","9","16.74",
"4942","嘉彰","115,046","70","3,481,189","30.30","30.35","30.20","30.20","-","0.05","30.20","2","30.25","1","9.59",
"4952","凌通","597,000","307","23,092,900","38.90","39.20","38.30","38.95","+","0.15","38.95","5","39.00","3","15.90",
"4956","光鋐","800,109","441","17,846,385","22.75","22.95","22.00","22.15","-","0.65","22.15","2","22.25","2","20.14",
"4958","臻鼎-KY","6,273,300","3,567","621,327,343","99.80","100.00","98.00","99.50","+","1.60","99.40","12","99.50","6","12.99",
"4960","誠美材","1,675,923","863","53,755,876","31.95","32.20","31.90","32.05","+","0.10","32.05","22","32.10","1","7.97",
"4976","佳凌","48,558","19","1,155,923","23.85","23.90","23.80","23.80"," ","0.00","23.75","3","23.90","1","216.36",
"4977","眾達-KY","416,182","342","32,221,167","78.30","78.60","76.70","76.70","-","0.70","76.70","7","77.30","2","17.59",
"4984","科納-KY","722,301","429","28,460,139","37.20","39.65","37.20","39.10","+","2.00","39.05","2","39.10","4","19.36",
"4994","傳奇","50,316","44","8,011,402","161.00","161.50","158.50","159.50","-","0.50","159.50","2","160.00","11","30.67",
"4999","鑫禾","345,600","257","20,771,798","60.30","60.50","59.90","59.90","+","0.10","59.90","20","60.00","1","9.37",
"5007","三星","229,700","64","17,776,080","77.60","77.60","77.00","77.40","+","0.30","77.30","12","77.40","3","19.95",
"5203","訊連","148,225","108","13,426,362","90.80","90.90","90.30","90.40","-","0.40","90.40","8","90.80","12","12.82",
"5215","科嘉-KY","94,150","85","4,236,579","45.00","45.50","44.50","44.50","-","0.30","44.50","6","44.70","1","13.28",
"5225","東科-KY","564,240","350","40,252,180","70.90","72.00","70.60","72.00","+","1.30","72.00","5","72.10","5","17.18",
"5234","達興材料","259,075","189","11,632,968","45.50","45.50","44.50","44.55","-","1.45","44.50","4","44.55","1","13.14",
"5243","乙盛-KY","298,200","183","12,697,370","43.10","43.10","42.45","42.50","-","0.30","42.50","3","42.60","13","15.07",
"5259","奕智博","547,200","242","9,154,450","16.60","17.00","16.55","16.60","-","0.20","16.55","2","16.60","2","0.00",
"5264","鎧勝-KY","536,035","427","92,800,555","173.50","174.00","172.50","173.00","+","0.50","173.00","18","173.50","59","11.33",
"5269","祥碩","1,340,225","1,130","231,985,975","170.00","176.50","169.50","172.00","+","2.50","172.00","1","172.50","8","50.89",
"5285","界霖","15,000","11","670,600","44.60","45.00","44.60","44.60","-","0.20","44.15","3","44.60","5","16.40",
"5288","豐祥-KY","282,015","221","17,993,861","62.40","65.00","62.30","63.50","+","1.40","63.40","1","63.70","4","12.80",
"5305","敦南","687,158","330","15,335,722","22.35","22.50","22.10","22.50","+","0.25","22.45","11","22.50","23","17.86",
"5388","中磊","3,529,083","2,461","250,441,850","71.20","71.30","70.60","70.70"," ","0.00","70.60","21","70.70","44","17.59",
"5434","崇越","889,080","559","53,996,735","61.10","61.30","60.40","60.70","-","0.40","60.70","18","60.90","13","11.72",
"5469","瀚宇博","4,313,610","1,381","69,407,647","16.00","16.25","15.90","15.90","+","0.15","15.90","48","16.00","30","14.86",
"5471","松翰","418,531","309","20,325,544","48.90","48.90","48.30","48.65"," ","0.00","48.65","1","48.70","24","14.79",
"5484","慧友","131,022","42","1,265,387","9.60","9.70","9.60","9.60"," ","0.00","9.60","6","9.67","1","0.00",
"5515","建國","196,211","83","2,240,100","11.45","11.50","11.40","11.40"," ","0.00","11.40","52","11.45","48","11.07",
"5519","隆大","114,437","74","2,499,815","22.00","22.00","21.80","21.90","-","0.05","21.85","2","21.90","2","7.42",
"5521","工信","863,741","109","10,539,398","12.25","12.25","12.10","12.20","+","0.05","12.20","3","12.25","52","0.00",
"5522","遠雄","2,812,125","1,772","103,533,325","37.50","37.50","36.40","36.40","-","1.10","36.35","59","36.40","9","7.47",
"5525","順天","42,332","30","788,742","18.70","18.70","18.55","18.65"," ","0.00","18.60","1","18.65","9","16.36",
"5531","鄉林","322,023","162","5,824,964","18.15","18.25","18.00","18.00","-","0.15","18.00","75","18.05","4","5.71",
"5533","皇鼎","206,577","90","4,243,491","20.55","20.60","20.50","20.60","+","0.05","20.55","7","20.60","27","5.54",
"5534","長虹","447,898","322","28,798,920","64.80","64.90","64.10","64.10","-","0.90","64.10","30","64.20","2","26.38",
"5538","東明-KY","57,000","42","1,813,350","31.70","32.00","31.70","31.90","+","0.20","31.80","2","31.90","2","10.81",
"5607","遠雄港","74,000","33","1,486,300","20.20","20.20","20.00","20.05","-","0.10","20.05","1","20.10","8","15.08",
"5608","四維航","229,150","134","4,082,214","17.80","17.90","17.70","17.90","+","0.10","17.80","21","17.90","1","27.12",
"5706","鳳凰","188,767","140","8,041,695","42.85","43.10","42.25","42.50","-","0.35","42.40","10","42.50","8","20.05",
"5871","中租-KY","4,694,969","2,827","360,703,101","76.60","77.70","76.20","77.00","+","0.60","76.90","35","77.00","150","12.54",
"5880","合庫金","13,038,511","2,903","210,199,787","16.10","16.15","16.05","16.15"," ","0.00","16.10","156","16.15","5,527","14.95",
"5906","台南-KY","13,202","10","82,431","6.30","6.30","6.23","6.23","-","0.07","6.25","10","6.30","23","0.00",
"5907","大洋-KY","174,060","106","8,841,490","51.00","51.00","50.70","50.80","-","0.20","50.80","17","50.90","8","9.62",
"6005","群益證","1,953,273","423","20,183,796","10.35","10.40","10.30","10.30","-","0.05","10.30","19","10.35","681","11.98",
"6108","競國","133,043","102","3,024,252","22.70","22.80","22.65","22.80","+","0.10","22.75","10","22.80","19","11.12",
"6112","邁達特","139,062","127","5,054,383","36.35","36.55","36.15","36.15","-","0.15","36.15","5","36.20","4","14.88",
"6115","鎰勝","224,563","166","9,955,974","43.95","44.60","43.85","44.35","+","0.50","44.35","7","44.60","1","11.43",
"6116","彩晶","18,363,300","4,068","142,772,320","7.89","7.89","7.71","7.78","-","0.07","7.78","20","7.79","186","18.98",
"6117","迎廣","79,100","47","1,193,220","15.35","15.35","15.00","15.05","-","0.30","15.05","9","15.15","3","17.71",
"6120","達運","18,229,606","4,815","320,572,876","17.60","17.85","17.30","17.60","+","0.30","17.55","31","17.60","342","10.29",
"6128","上福","46,219","25","1,599,771","34.80","34.80","34.50","34.80","+","0.10","34.45","10","34.80","3","12.61",
"6131","鈞泰","2,548,310","723","47,541,761","18.90","19.00","18.35","18.70","+","0.65","18.65","21","18.70","34","0.00",
"6133","金橋","253,061","109","2,792,921","11.00","11.15","10.90","11.00","+","0.10","11.00","9","11.10","12","30.56",
"6136","富爾特","120,618","83","3,183,212","26.35","26.45","26.30","26.45","+","0.15","26.40","10","26.45","8","11.07",
"6139","亞翔","51,835","44","1,221,061","23.55","23.60","23.55","23.55"," ","0.00","23.55","6","23.60","7","13.31",
"6141","柏承","126,601","70","1,663,182","13.20","13.30","13.00","13.00","-","0.20","13.00","24","13.05","1","59.09",
"6142","友勁","319,520","87","2,254,900","7.10","7.12","7.01","7.03"," ","0.00","7.03","3","7.06","19","0.00",
"6145","勁永","353,047","117","5,758,310","16.40","16.40","16.25","16.30","-","0.05","16.30","7","16.35","6","232.86",
"6152","百一","207,146","114","2,726,703","13.20","13.30","13.05","13.10","-","0.10","13.10","14","13.15","5","0.00",
"6153","嘉聯益","14,802,467","6,034","539,236,032","35.30","36.95","35.30","36.80","+","1.70","36.75","69","36.80","59","19.47",
"6155","鈞寶","72,120","55","1,669,560","23.30","23.50","22.90","22.90","-","0.40","22.90","1","23.00","2","15.79",
"6164","華興","171,301","148","2,647,674","15.65","15.65","15.40","15.45","-","0.20","15.45","14","15.50","19","13.21",
"6165","浪凡","321,200","89","3,782,540","11.85","11.85","11.70","11.75","-","0.10","11.75","20","11.80","49","0.00",
"6166","凌華","776,634","537","64,885,722","83.60","84.40","82.80","83.20","+","0.20","83.20","4","83.30","2","28.30",
"6168","宏齊","1,496,953","541","29,871,160","20.10","20.10","19.85","20.00","+","0.05","19.95","58","20.00","8","9.09",
"6172","互億","1,538","3","9,679","6.29","6.29","6.29","6.29"," ","0.00","6.36","2","6.59","3","314.50",
"6176","瑞儀","2,531,662","1,719","261,568,699","104.00","105.00","101.50","101.50","-","2.00","101.50","270","102.00","1","11.93",
"6177","達麗","1,270,220","674","54,603,414","42.60","43.45","42.60","42.85","+","0.30","42.80","31","42.85","7","5.14",
"6183","關貿","35,069","25","955,563","27.45","27.45","27.20","27.20","-","0.10","27.20","4","27.30","3","20.76",
"6184","大豐電","43,040","33","2,230,483","51.80","52.00","51.60","51.90"," ","0.00","51.90","3","52.00","36","15.45",
"6189","豐藝","312,177","190","11,993,162","38.50","38.70","38.20","38.25","-","0.15","38.25","17","38.30","3","11.38",
"6191","精成科","1,993,773","424","21,226,041","10.70","10.75","10.60","10.65","+","0.05","10.65","175","10.70","73","0.00",
"6192","巨路","200,155","139","12,341,094","62.00","62.00","61.40","61.60","-","0.20","61.60","1","61.70","3","11.76",
"6196","帆宣","2,436,989","1,034","63,870,162","26.40","26.40","26.00","26.10"," ","0.00","26.10","16","26.15","14","11.20",
"6197","佳必琪","3,368,086","1,974","128,122,055","38.50","38.75","37.50","37.50","-","0.80","37.50","68","37.55","2","28.41",
"6201","亞弘電","71,000","49","1,876,700","26.15","26.60","26.15","26.40","+","0.30","26.40","9","26.50","4","15.81",
"6202","盛群","1,643,723","907","96,644,757","59.30","59.40","58.30","58.50","-","0.50","58.50","48","58.60","6","17.46",
"6205","詮欣","636,767","318","23,926,823","37.70","37.75","37.35","37.65","+","0.75","37.65","4","37.70","43","11.48",
"6206","飛捷","644,488","546","78,128,298","121.00","122.00","120.50","121.50","-","1.00","121.00","14","121.50","1","18.08",
"6209","今國光","547,301","332","13,359,775","24.80","24.80","24.25","24.30","-","0.10","24.30","12","24.35","9","0.00",
"6213","聯茂","370,848","223","9,230,443","25.00","25.00","24.75","24.90"," ","0.00","24.85","11","24.90","3","14.48",
"6214","精誠","644,317","509","36,015,776","56.70","56.80","55.50","55.80","-","0.50","55.80","10","55.90","2","19.31",
"6215","和椿","792,152","398","19,444,100","24.50","24.70","24.40","24.45","+","0.15","24.45","73","24.50","5","20.04",
"6216","居易","225,000","117","5,956,150","26.30","26.60","26.20","26.50","+","0.40","26.50","8","26.55","4","11.09",
"6224","聚鼎","47,200","54","3,241,918","68.60","69.00","68.30","69.00","+","0.40","68.40","3","69.10","2","13.69",
"6225","天瀚","37,002","23","194,208","5.25","5.25","5.25","5.25","+","0.05","5.20","13","5.25","7","0.00",
"6226","光鼎","156,500","57","1,509,704","9.78","9.78","9.60","9.62","+","0.01","9.62","1","9.65","2","20.04",
"6230","尼得科超眾","137,000","119","11,914,300","86.90","87.50","86.50","87.00","+","0.30","87.00","1","87.10","9","13.14",
"6235","華孚","1,173,924","398","7,829,403","6.70","6.76","6.51","6.53","-","0.12","6.53","37","6.58","6","0.00",
"6239","力成","2,515,844","1,299","135,231,140","53.70","54.00","53.50","53.50","-","0.20","53.50","252","53.70","1","0.00",
"6243","迅杰","500,455","287","11,145,358","22.35","22.45","22.10","22.30"," ","0.00","22.25","2","22.35","2","0.00",
"6251","定穎","466,663","192","6,740,011","14.60","14.65","14.35","14.40","-","0.10","14.40","13","14.45","10","33.49",
"6257","矽格","1,135,805","664","34,682,387","30.50","30.70","30.40","30.70","+","0.10","30.60","5","30.70","53","10.89",
"6269","台郡","4,070,900","2,317","324,396,910","78.90","80.30","78.70","79.80","+","1.60","79.70","5","79.80","33","13.15",
"6271","同欣電","3,660,363","2,248","432,693,464","119.00","120.50","116.50","117.00","-","4.00","117.00","24","117.50","52","12.62",
"6277","宏正","198,086","149","16,364,095","82.20","83.00","82.10","82.50","+","0.40","82.50","16","82.70","2","12.89",
"6278","台表科","844,219","637","34,379,735","40.95","41.00","40.55","40.60","-","0.45","40.60","11","40.70","5","11.22",
"6281","全國電","40,798","44","2,454,095","60.20","60.30","60.00","60.20"," ","0.00","60.20","33","60.40","5","13.81",
"6282","康舒","5,018,923","2,548","188,143,418","38.10","38.10","37.10","37.35","-","0.95","37.35","73","37.45","19","17.79",
"6283","淳安","577,505","205","3,611,141","6.40","6.50","6.06","6.20","-","0.20","6.20","8","6.25","2","0.00",
"6285","啟碁","1,791,399","1,151","132,226,376","74.50","74.50","73.20","73.90","+","0.30","73.80","3","73.90","34","18.90",
"6286","立錡","909,796","685","151,503,322","165.50","167.50","165.00","167.00","+","2.00","166.50","40","167.00","25","17.45",
"6289","華上","122,501","37","249,816","2.05","2.05","1.97","2.00","+","0.01","1.97","6","2.02","2","0.00",
"6405","悅城","142,000","82","7,120,750","50.70","50.70","49.90","50.20","-","0.50","50.20","1","50.40","2","8.64",
"6409","旭隼","156,366","125","43,214,565","277.50","278.50","274.50","277.50"," ","0.00","277.50","1","278.00","3","22.36",
"6412","群電","481,948","205","20,862,541","44.00","44.00","43.00","43.50"," ","0.00","43.50","180","43.55","4","16.73",
"6414","樺漢","218,520","179","57,669,720","263.00","266.00","262.00","262.00"," ","0.00","262.00","18","263.00","1","32.03",
"6415","矽力*-KY","183,048","183","40,079,820","221.00","225.00","215.00","216.50","-","10.50","216.00","8","218.00","1","21.98",
"6422","君耀-KY","70,000","60","5,245,100","75.20","75.50","74.60","74.70","-","0.20","74.60","2","75.00","1","19.66",
"6431","光麗-KY","22,000","17","573,500","26.30","26.30","26.00","26.00","-","0.30","26.00","1","26.15","1","13.90",
"6449","鈺邦","256,000","147","10,733,900","42.00","42.20","41.80","41.85","+","0.05","41.85","4","41.90","2","15.73",
"6451","訊芯-KY","570,190","415","102,902,103","184.00","184.00","179.00","179.50","-","2.50","179.50","23","180.50","1","19.22",
"6504","南六","604,189","428","87,375,405","140.00","147.00","140.00","145.00","+","5.00","145.00","70","146.00","74","25.31",
"6505","台塑化","4,553,754","2,886","309,816,685","68.80","69.00","67.60","67.70","-","1.10","67.70","19","67.80","55","22.42",
"6605","帝寶","240,000","166","28,876,000","120.50","121.50","119.50","120.50"," ","0.00","120.50","3","121.00","2","12.94",
"6702","興航","2,385,500","544","27,105,250","11.45","11.45","11.30","11.30","-","0.05","11.30","120","11.35","7","12.28",
"8011","台通","970,199","566","40,002,465","41.65","41.80","41.05","41.05","-","0.85","41.05","5","41.10","5","23.19",
"8016","矽創","955,666","799","104,980,760","108.50","111.00","107.50","111.00","+","2.50","110.50","13","111.00","39","21.51",
"8021","尖點","2,493,706","1,357","73,192,024","29.75","29.75","29.10","29.20","-","0.25","29.15","61","29.20","50","14.46",
"8033","雷虎","365,753","153","4,334,568","11.80","12.05","11.75","11.85","+","0.05","11.85","10","11.90","85","98.75",
"8039","台虹","4,934,043","2,816","229,329,402","46.00","46.85","46.00","46.70","+","1.10","46.70","23","46.75","39","9.77",
"8046","南電","1,374,196","598","60,830,163","44.50","44.60","44.10","44.10","-","0.20","44.10","10","44.30","35","24.92",
"8070","長華*","180,937","123","14,720,502","81.80","82.50","80.90","81.30","+","0.40","80.90","8","81.30","4","19.69",
"8072","陞泰","108,450","74","5,403,175","49.75","49.95","49.60","49.85","+","0.10","49.85","3","49.95","1","22.76",
"8081","致新","292,250","247","26,584,350","92.00","92.00","90.40","91.30","+","0.20","91.00","1","91.30","1","13.41",
"8101","華冠","529,163","205","6,612,866","12.45","12.60","12.45","12.45","-","0.10","12.45","79","12.50","14","155.63",
"8103","瀚荃","287,398","243","15,525,712","54.40","54.40","53.80","53.90","-","0.40","53.90","7","54.00","13","11.00",
"8105","凌巨","1,997,717","626","24,547,501","12.15","12.40","12.15","12.20","+","0.05","12.20","158","12.25","51","67.78",
"8110","華東","1,181,778","325","16,349,547","13.90","13.95","13.75","13.80","-","0.05","13.80","127","13.85","43","9.20",
"8112","至上","12,526,788","4,110","219,357,348","17.00","17.80","17.00","17.60","+","0.65","17.60","6","17.65","70","17.60",
"8114","振樺電","327,404","288","51,184,821","153.00","158.50","153.00","156.00","+","1.00","155.50","16","156.00","5","17.14",
"8131","福懋科","370,001","140","8,195,922","22.10","22.30","22.05","22.10"," ","0.00","22.10","55","22.20","22","15.67",
"8150","南茂","1,675,225","1,063","81,391,492","48.30","49.20","48.25","48.70","+","0.50","48.60","11","48.70","101","13.87",
"8163","達方","439,825","214","8,010,178","18.35","18.45","18.10","18.10","-","0.10","18.10","26","18.20","49","150.83",
"8201","無敵","111,049","52","1,420,771","12.80","12.95","12.70","12.75","-","0.05","12.70","14","12.80","1","0.00",
"8210","勤誠","349,616","209","18,996,947","54.20","54.60","54.20","54.60","+","0.30","54.50","2","54.60","3","12.67",
"8213","志超","2,532,311","1,414","139,174,199","54.50","55.50","54.40","54.60","+","0.20","54.60","136","54.70","4","9.60",
"8215","明基材","1,271,868","621","39,939,916","31.65","31.80","31.30","31.35","-","0.30","31.35","31","31.40","1","7.92",
"8222","寶一","173,500","90","3,434,349","19.80","20.10","19.70","19.70","-","0.30","19.70","8","19.80","2","36.48",
"8249","菱光","705,026","305","18,220,400","26.00","26.10","25.75","25.75","-","0.15","25.75","50","25.80","60","9.61",
"8261","富鼎","238,045","190","5,778,427","24.00","24.55","23.95","24.25","+","0.35","24.15","2","24.30","2","242.50",
"8271","宇瞻","665,794","282","21,716,493","32.70","32.80","32.55","32.55","-","0.05","32.55","3","32.60","5","9.25",
"8374","羅昇","148,138","70","3,056,363","20.60","20.80","20.40","20.80","+","0.40","20.80","3","20.85","1","0.00",
"8404","百和興業-KY","2,784,670","1,072","67,499,330","24.90","24.90","23.90","24.00","-","0.75","24.00","47","24.05","21","15.29",
"8411","福貞-KY","244,238","166","10,221,447","41.50","42.50","41.20","41.80","+","0.65","41.80","1","41.90","1","18.02",
"8422","可寧衛","244,408","209","39,369,004","159.50","162.00","159.50","161.50","+","2.50","161.00","4","161.50","2","16.33",
"8427","基勝-KY","80,001","58","4,110,650","51.70","51.80","50.90","50.90","-","0.80","50.90","3","51.40","6","0.00",
"8429","金麗-KY","213,042","134","15,476,648","72.80","73.00","72.40","72.50","-","0.10","72.50","93","72.60","6","8.88",
"8443","阿瘦","88,000","59","3,106,000","35.60","35.70","35.20","35.40","-","0.20","35.30","1","35.40","3","20.82",
"8454","富邦媒","172,274","191","53,458,488","312.00","312.00","309.00","309.00","-","3.00","309.00","5","309.50","2","37.50",
"8926","台汽電","764,015","306","19,329,972","25.30","25.45","25.20","25.25"," ","0.00","25.25","45","25.30","15","8.59",
"8940","新天地","20,205","12","381,193","19.00","19.00","18.80","18.85","+","0.05","18.80","1","18.85","7","0.00",
"8996","高力","230,670","185","13,128,290","57.30","57.50","56.70","56.90","-","0.10","56.90","3","57.00","12","24.01",
"910069","新曄","13,000","6","134,100","10.20","10.40","10.20","10.25","+","0.10","9.57","50","10.05","5","0.00",
"9103","美德醫療-DR","370,000","42","828,680","2.25","2.25","2.21","2.23","-","0.04","2.22","5","2.23","2","0.00",
"910322","康師傅-DR","5,000","3","190,350","38.45","38.45","37.95","38.00","-","0.90","38.05","5","38.50","5","0.00",
"910482","聖馬丁-DR","354,299","62","674,147","1.88","1.92","1.88","1.92","+","0.02","1.90","11","1.92","103","0.00",
"9105","泰金寶-DR","12,536,353","1,759","59,079,672","4.80","4.81","4.66","4.66","-","0.08","4.66","276","4.69","100","0.00",
"9106","新焦點-DR","122,000","15","239,310","1.95","2.00","1.90","1.95","+","0.04","1.96","5","1.99","30","0.00",
"910708","恒大健-DR","4,000","4","227,600","56.90","56.90","56.90","56.90","+","3.70","56.90","29,945","--","0","0.00",
"910801","金衛-DR","1,827,075","263","10,703,671","5.78","6.00","5.75","5.84","+","0.06","5.84","1","5.85","3","0.00",
"910861","神州-DR","96,000","27","1,465,150","15.10","15.35","15.10","15.30","+","0.10","15.30","3","15.35","9","0.00",
"9110","越南控-DR","78,000","27","330,040","4.30","4.33","4.20","4.20","-","0.07","4.20","15","4.27","3","0.00",
"911608","明輝-DR","0","0","0","--","--","--","--"," ","0.00","6.01","2","6.17","2","0.00",
"911609","揚子江","40,000","20","561,350","14.05","14.10","14.00","14.00","-","0.20","13.95","9","14.25","2","0.00",
"911611","中泰山-DR","1,615,000","281","4,398,470","2.75","2.80","2.68","2.72","-","0.03","2.71","10","2.72","7","0.00",
"911612","滬安","365,000","47","719,830","1.96","2.03","1.92","1.95","-","0.01","1.93","10","1.96","2","0.00",
"911616","杜康-DR","342,000","116","1,645,270","4.76","4.84","4.76","4.78","+","0.07","4.77","5","4.78","2","0.00",
"911619","耀傑-DR","1,096,000","275","4,504,600","3.88","4.14","3.88","4.13","+","0.26","4.12","12","4.13","30","0.00",
"911622","泰聚亨-DR","0","0","0","--","--","--","--"," ","0.00","11.85","2","12.85","4","0.00",
"911626","MSH-DR","79,000","18","404,750","5.10","5.24","5.10","5.10","+","0.04","5.09","3","5.10","7","0.00",
"911868","同方友友-DR","22,000","3","49,400","2.23","2.35","2.23","2.35","-","0.02","2.25","50","2.36","10","0.00",
"912000","晨訊科-DR","508,000","93","1,657,650","3.35","3.35","3.21","3.25","+","0.03","3.24","1","3.25","22","0.00",
"912398","友佳-DR","89,000","17","803,170","9.04","9.04","9.01","9.01","-","0.03","9.00","38","9.05","6","0.00",
"9136","巨騰-DR","1,272,000","373","23,191,000","18.30","18.50","18.10","18.15","-","0.10","18.10","117","18.15","81","0.00",
"913889","大成糖","253,000","45","734,770","2.89","2.92","2.88","2.92","+","0.03","2.90","15","2.92","1","0.00",
"9157","陽光能源-DR","67,010","25","135,750","2.00","2.06","1.99","2.01","+","0.03","2.00","27","2.03","5","0.00",
"9188","精熙-DR","971,000","164","3,764,100","3.87","3.89","3.83","3.89","+","0.03","3.88","110","3.89","102","0.00",
"9802","鈺齊-KY","903,076","610","52,970,465","59.00","59.40","57.50","58.90","+","0.30","58.90","6","59.00","7","22.57",
"9902","台火","175,787","123","2,960,846","17.05","17.05","16.70","16.70","-","0.40","16.70","2","16.80","1","0.00",
"9904","寶成","5,145,937","2,690","232,735,775","46.00","46.00","44.90","45.30"," ","0.00","45.25","2","45.30","837","15.05",
"9905","大華","93,106","81","2,952,454","31.70","31.90","31.65","31.75","+","0.05","31.70","48","31.75","4","12.16",
"9906","欣巴巴","51,200","41","2,071,668","40.35","40.75","40.35","40.35","-","0.25","40.35","27","40.50","3","0.00",
"9907","統一實","3,480,945","1,415","80,875,968","23.45","23.60","23.10","23.20","-","0.15","23.15","18","23.20","166","38.67",
"9908","大台北","67,652","48","1,573,788","23.35","23.35","23.20","23.25","-","0.10","23.20","29","23.25","6","17.22",
"9910","豐泰","1,706,418","1,392","227,859,711","133.00","136.00","130.00","135.00","+","4.00","134.00","3","135.00","6","28.48",
"9911","櫻花","179,572","125","3,874,685","21.60","21.70","21.55","21.60","-","0.05","21.60","15","21.65","18","10.38",
"9912","偉聯","52,588","84","659,999","12.70","12.75","12.45","12.45","-","0.25","12.45","3","12.50","4","0.00",
"9914","美利達","1,085,392","865","274,979,357","257.00","257.00","249.00","254.50","+","1.00","253.50","1","254.50","11","24.76",
"9917","中保科","252,273","200","21,131,228","84.00","84.00","83.60","83.60","-","0.10","83.60","9","83.70","30","17.79",
"9918","欣天然","2,010","12","66,930","33.30","33.30","33.30","33.30","-","0.05","33.10","1","33.35","2","30.00",
"9919","康那香","180,261","121","2,387,485","13.35","13.35","13.20","13.20","-","0.05","13.20","58","13.30","49","48.89",
"9921","巨大","470,098","430","144,882,684","305.50","312.00","305.50","308.50","+","3.50","308.00","2","309.00","9","29.44",
"9924","福興","1,706,570","786","65,043,870","38.50","38.60","37.70","38.30","-","0.20","38.25","2","38.30","1","15.51",
"9925","新保","897,407","89","35,308,803","39.30","39.35","39.25","39.35","+","0.05","39.30","28","39.40","20","13.90",
"9926","新海","3,000","1","126,000","42.00","42.00","42.00","42.00","+","0.15","42.05","1","42.85","1","24.71",
"9927","泰銘","235,267","130","8,967,046","38.10","38.25","37.95","37.95","-","0.15","37.95","15","38.00","13","10.75",
"9928","中視","30,008","21","364,696","12.20","12.20","12.10","12.10"," ","0.00","12.00","5","12.10","1","0.00",
"9929","秋雨","101,250","26","905,559","8.90","9.00","8.90","8.90"," ","0.00","8.90","1","8.95","5","0.00",
"9930","中聯資源","38,576","34","2,787,958","72.30","72.40","72.00","72.00","-","0.20","72.00","24","72.30","2","16.29",
"9931","欣高","9,089","30","338,797","37.80","37.80","37.00","37.00","X","0.00","37.05","2","37.75","1","28.46",
"9933","中鼎","848,938","667","43,852,523","51.60","51.90","51.30","51.60","-","0.20","51.60","4","51.70","57","24.57",
"9934","成霖","1,088,640","456","17,610,440","16.40","16.40","16.05","16.10","-","0.30","16.10","63","16.15","4","2.88",
"9935","慶豐富","388,158","131","3,688,662","9.45","9.62","9.43","9.43","-","0.09","9.43","22","9.45","10","0.00",
"9937","全國","249,373","117","9,623,185","38.50","38.80","38.35","38.55","+","0.05","38.55","1","38.70","24","37.43",
"9938","百和","3,322,187","2,097","206,513,775","62.50","62.80","61.60","61.60","-","0.30","61.60","65","61.70","2","20.74",
"9939","宏全","661,301","440","37,526,565","56.50","57.20","56.40","56.40","-","0.10","56.40","25","56.50","124","15.08",
"9940","信義","918,216","572","32,324,058","35.80","35.80","35.00","35.10","-","0.70","35.05","20","35.15","29","17.46",
"9941","裕融","490,200","368","36,006,860","73.80","74.00","73.20","73.50","-","0.20","73.40","9","73.50","73","12.65",
"9942","茂順","699,338","548","77,555,844","111.00","113.00","109.00","110.50","+","3.50","110.00","118","110.50","4","16.49",
"9943","好樂迪","219,580","135","8,800,736","39.80","40.20","39.80","40.10","+","0.30","40.10","3","40.15","10","11.20",
"9944","新麗","173,068","123","6,420,292","37.00","37.45","36.85","36.85","+","0.30","36.85","30","37.10","2","37.99",
"9945","潤泰新","1,584,443","1,249","74,697,442","47.80","47.80","46.90","46.95","-","0.05","46.95","8","47.00","3","1.81",
"9946","三發地產","300,000","112","6,068,050","20.50","20.55","20.10","20.25","-","0.25","20.10","5","20.25","9","96.43",
"9955","佳龍","59,741","29","1,091,408","18.20","18.50","18.10","18.40","+","0.20","18.35","1","18.40","4","0.00",
"9958","世紀鋼","125,536","39","1,259,008","9.99","10.10","9.99","10.10","+","0.10","10.05","15","10.10","37","34.83",
