"111年11月25日 價格指數(臺灣證券交易所)"
"指數","收盤指數","漲跌(+/-)","漲跌點數","漲跌百分比(%)","特殊處理註記",
"寶島股價指數","16,862.43","-","23.78","-0.14","",
"發行量加權股價指數","14,778.51","-","5.49","-0.04","",
"臺灣公司治理100指數","8,532.15","+","10.58","0.12","",
"臺灣50指數","11,453.52","+","10.25","0.09","",
"臺灣50權重上限30%指數","10,822.09","-","1.07","-0.01","",
"臺灣中型100指數","12,742.58","-","72.92","-0.57","",
"臺灣資訊科技指數","19,673.30","-","13.64","-0.07","",
"臺灣發達指數","9,630.13","+","11.04","0.11","",
"臺灣高股息指數","5,941.94","-","38.76","-0.65","",
"臺灣就業99指數","8,997.17","-","21.81","-0.24","",
"臺灣高薪100指數","8,093.44","-","17.05","-0.21","",
"未含金融指數","12,718.97","-","4.91","-0.04","",
"未含電子指數","17,076.44","+","9.98","0.06","",
"未含金融電子指數","14,195.32","+","13.60","0.10","",
"小型股300指數","8,042.24","-","28.30","-0.35","",
"水泥窯製類指數","605.77","+","2.49","0.41","",
"塑膠化工類指數","830.76","-","0.81","-0.10","",
"機電類指數","3,872.45","-","2.90","-0.07","",
"水泥類指數","153.09","+","0.72","0.47","",
"食品類指數","1,801.46","+","5.76","0.32","",
"塑膠類指數","248.38","+","0.42","0.17","",
"紡織纖維類指數","562.46","-","3.90","-0.69","",
"電機機械類指數","219.26","+","0.32","0.15","",
"電器電纜類指數","102.24","+","2.04","2.04","",
"化學生技醫療類指數","111.74","-","1.01","-0.90","",
"化學類指數","126.70","-","0.34","-0.27","",
"生技醫療類指數","67.24","-","1.01","-1.48","",
"玻璃陶瓷類指數","61.30","+","0.06","0.10","",
"造紙類指數","305.36","-","0.80","-0.26","",
"鋼鐵類指數","134.32","-","1.22","-0.90","",
"橡膠類指數","235.22","+","0.67","0.29","",
"汽車類指數","338.20","+","2.01","0.60","",
"電子工業類指數","692.05","-","0.69","-0.10","",
"半導體類指數","332.60","+","0.15","0.05","",
"電腦及週邊設備類指數","121.59","-","0.94","-0.77","",
"光電類指數","33.67","-","0.41","-1.20","",
"通信網路類指數","125.33","+","1.24","1.00","",
"電子零組件類指數","162.86","-","0.48","-0.29","",
"電子通路類指數","168.02","-","1.23","-0.73","",
"資訊服務類指數","121.08","+","0.15","0.12","",
"其他電子類指數","95.08","-","0.59","-0.62","",
"建材營造類指數","349.44","-","0.75","-0.21","",
"航運類指數","159.25","+","0.26","0.16","",
"觀光類指數","104.00","-","0.11","-0.11","",
"金融保險類指數","1,517.82","-","0.41","-0.03","",
"貿易百貨類指數","272.00","+","0.25","0.09","",
"油電燃氣類指數","113.63","+","1.70","1.52","",
"其他類指數","345.53","-","0.55","-0.16","",
"臺指日報酬兩倍指數","27,367.68","-","20.34","-0.07","",
"臺指反向一倍指數","4,640.29","+","1.72","0.04","",
"電子類兩倍槓桿指數","26,383.16","-","52.66","-0.20","",
"電子類反向指數","4,157.70","+","4.14","0.10","",
"價格指數(跨市場)"
"指數","收盤指數","漲跌(+/-)","漲跌點數","漲跌百分比(%)","特殊處理註記",
"臺灣生技指數","4,258.31","-","111.53","-2.55","",
"臺灣中小型公司治理指數","6,684.87","-","73.72","-1.09","",
"臺灣IPO指數","4,627.99","-","32.75","-0.70","",
"智慧中立指數","3,485.97","+","25.71","0.74","",
"臺灣5G指數","7,446.69","-","14.89","-0.20","",
"臺灣企業社會責任中小型指數","7,801.90","-","48.66","-0.62","",
"特選臺灣電動車代表指數","5,681.77","-","20.69","-0.36","",
"臺灣5G+通訊指數","5,602.48","-","24.30","-0.43","",
"臺灣全市場指數","5,011.17","-","7.99","-0.16","",
"臺灣全市場半導體指數","4,728.16","-","29.85","-0.63","",
"臺灣電動車與自駕科技永續概念指數","4,120.07","-","21.78","-0.53","",
"臺灣智慧移動與電動車指數","3,851.26","-","28.60","-0.74","",
"特選小資高價30指數","4,458.27","-","44.70","-0.99","",
"特選臺灣綠能及電動車指數","4,310.70","-","6.73","-0.16","",
"特選臺灣智能車供應鏈聯盟指數","4,193.16","-","15.86","-0.38","",
"臺灣全市場半導體精選30指數","3,754.95","-","27.39","-0.72","",
"特選臺灣高股息30指數","3,762.78","-","33.09","-0.87","",
"臺灣友善環境指數","4,471.09","-","0.18","--","",
"台灣永續價值指數","4,198.26","+","4.07","0.10","",
"特選臺灣IC設計指數","2,757.34","-","54.77","-1.95","",
"特選臺灣環境永續高股息指數","3,967.26","-","15.22","-0.38","",
"臺灣友善環境50指數","3,918.67","-","3.24","-0.08","",
"特選台灣策略高股息30指數","3,651.26","-","34.39","-0.93","",
"特選臺灣IC設計產業代表指數","3,319.25","-","75.62","-2.23","",
"特選臺灣綠能指數","4,606.33","+","1.20","0.03","",
"特選臺灣成長高股息指數","3,818.55","-","33.93","-0.88","",
"特選臺灣智慧50指數","3,748.81","-","13.95","-0.37","",
"特選臺灣標竿PCB指數","3,809.91","-","40.23","-1.04","",
"臺灣晶圓製造指數","4,373.61","-","36.30","-0.82","",
"臺灣精選高息指數","3,723.97","-","34.01","-0.91","",
"臺灣多因子優選高股息30指數","4,679.69","-","38.75","-0.82","",
"特選臺灣優利高填息30指數","4,353.58","-","39.95","-0.91","",
"臺灣多因子優選成長30指數","5,231.87","-","6.55","-0.13","",
"價格指數(臺灣指數公司)"
"指數","收盤指數","漲跌(+/-)","漲跌點數","漲跌百分比(%)","特殊處理註記",
"金融類日報酬兩倍指數","25,478.32","-","13.77","-0.05","",
"金融類日報酬反向一倍指數","5,034.76","+","1.36","0.03","",
"漲升股利150指數","7,754.15","-","12.21","-0.16","",
"藍籌30指數","7,286.25","+","4.85","0.07","",
"工業菁英30指數","7,797.48","-","31.49","-0.40","",
"電子菁英30指數","7,550.03","-","75.38","-0.99","",
"低波動股利精選30指數","6,279.36","-","8.21","-0.13","",
"中小型A級動能50指數","13,960.31","-","152.50","-1.08","",
"特選高息低波指數","6,524.59","-","31.75","-0.48","",
"臺灣永續指數","7,573.29","+","1.81","0.02","",
"特選內需高收益指數","5,699.17","+","32.35","0.57","",
"價值投資指數","5,623.78","-","50.23","-0.89","",
"存股雙十等權重指數","6,659.20","-","39.31","-0.59","",
"特選大蘋果指數","6,625.51","-","55.96","-0.84","",
"中小型300指數","8,142.58","-","37.68","-0.46","",
"特股高息20指數","5,618.03","-","4.37","-0.08","",
"臺灣500指數","7,617.48","-","3.90","-0.05","",
"臺灣勞工權益指數","7,064.30","-","16.88","-0.24","",
"微波高息精選20指數","6,147.36","+","9.09","0.15","",
"特選世代行動通訊指數","5,874.12","+","20.33","0.35","",
"智慧投資多因子30指數","4,809.89","+","15.47","0.32","",
"臺股期貨指數","7,733.10","-","37.87","-0.49","",
"特選價值成長指數","6,172.37","-","44.71","-0.72","",
"臺灣上櫃永續指數","5,539.57","-","72.66","-1.29","",
"特選台股領航指數","6,740.32","+","0.37","0.01","",
"特選Smart多因子指數","5,561.56","-","6.19","-0.11","",
"特選ESG高股息指數","3,950.05","-","27.22","-0.68","",
"特選上櫃ESG成長指數","4,034.86","-","66.39","-1.62","",
"特選上櫃ESG電子菁英指數","4,101.04","-","57.65","-1.39","",
"新臺灣高股息指數","4,345.26","-","31.23","-0.71","",
"臺灣優息存股指數","4,629.73","+","6.98","0.15","",
"特選上櫃ESG永續高股息指數","5,617.36","-","48.19","-0.85","",
"特選臺灣金融高股息存股指數","4,926.59","+","7.83","0.16","",
"上櫃ESG 30指數","5,071.46","-","70.56","-1.37","",
"報酬指數(臺灣證券交易所)"
"報酬指數","收盤指數","漲跌(+/-)","漲跌點數","漲跌百分比(%)","特殊處理註記",
"寶島股價報酬指數","23,554.50","-","33.18","-0.14","",
"發行量加權股價報酬指數","30,671.45","-","11.39","-0.04","",
"臺灣公司治理100報酬指數","11,702.48","+","14.52","0.12","",
"臺灣50報酬指數","23,941.46","+","21.43","0.09","",
"臺灣50權重上限30%報酬指數","22,863.93","-","2.27","-0.01","",
"臺灣中型100報酬指數","24,912.53","-","142.56","-0.57","",
"臺灣資訊科技股報酬指數","38,611.00","-","26.78","-0.07","",
"臺灣發達報酬指數","18,566.79","+","21.28","0.11","",
"臺灣高股息報酬指數","16,401.60","-","106.99","-0.65","",
"臺灣就業99報酬指數","14,033.26","-","34.03","-0.24","",
"臺灣高薪100報酬指數","11,667.05","-","24.58","-0.21","",
"未含金融電子報酬指數","30,195.84","+","28.92","0.10","",
"小型股300報酬指數","10,648.86","-","37.47","-0.35","",
"水泥類報酬指數","304.22","+","1.42","0.47","",
"食品類報酬指數","2,816.74","+","9.01","0.32","",
"塑膠類報酬指數","455.88","+","0.76","0.17","",
"紡織纖維類報酬指數","920.10","-","6.38","-0.69","",
"電機機械類報酬指數","331.33","+","0.49","0.15","",
"電器電纜類報酬指數","157.75","+","3.15","2.04","",
"化學生技醫療類報酬指數","175.30","-","1.58","-0.89","",
"化學類報酬指數","213.16","-","0.57","-0.27","",
"生技醫療類報酬指數","95.14","-","1.43","-1.48","",
"玻璃陶瓷類報酬指數","77.50","+","0.09","0.12","",
"造紙類報酬指數","475.10","-","1.23","-0.26","",
"鋼鐵類報酬指數","227.09","-","2.07","-0.90","",
"橡膠類報酬指數","377.90","+","1.08","0.29","",
"汽車類報酬指數","542.82","+","3.24","0.60","",
"電子工業類報酬指數","1,299.50","-","1.29","-0.10","",
"半導體類報酬指數","585.57","+","0.26","0.04","",
"電腦及週邊設備類報酬指數","268.38","-","2.09","-0.77","",
"光電類報酬指數","49.74","-","0.60","-1.19","",
"通信網路類報酬指數","263.04","+","2.60","1.00","",
"電子零組件類報酬指數","302.56","-","0.91","-0.30","",
"電子通路類報酬指數","403.52","-","2.95","-0.73","",
"資訊服務類報酬指數","282.41","+","0.35","0.12","",
"其他電子類報酬指數","153.83","-","0.96","-0.62","",
"建材營造類報酬指數","704.14","-","1.51","-0.21","",
"航運類報酬指數","254.47","+","0.42","0.17","",
"觀光類報酬指數","144.47","-","0.15","-0.10","",
"金融保險類報酬指數","2,635.48","-","0.70","-0.03","",
"貿易百貨類報酬指數","422.63","+","0.39","0.09","",
"油電燃氣類報酬指數","179.87","+","2.70","1.52","",
"其他類報酬指數","587.39","-","0.94","-0.16","",
"報酬指數(跨市場)"
"報酬指數","收盤指數","漲跌(+/-)","漲跌點數","漲跌百分比(%)","特殊處理註記",
"臺灣生技報酬指數","4,716.89","-","123.31","-2.55","",
"臺灣中小型公司治理報酬指數","8,780.60","-","96.83","-1.09","",
"臺灣IPO報酬指數","5,403.08","-","38.24","-0.70","",
"智慧中立報酬指數","4,034.71","+","29.76","0.74","",
"加權指數掩護性臺指買權價外5%報酬指數","6,382.43","+","6.73","0.11","",
"臺灣5G報酬指數","8,325.39","-","16.64","-0.20","",
"臺灣企業社會責任中小型報酬指數","9,070.15","-","56.57","-0.62","",
"特選臺灣電動車代表報酬指數","6,394.26","-","23.29","-0.36","",
"臺灣5G+通訊報酬指數","6,087.18","-","26.40","-0.43","",
"臺灣全市場報酬指數","5,384.76","-","8.58","-0.16","",
"臺灣全市場半導體報酬指數","5,101.90","-","32.21","-0.63","",
"臺灣電動車與自駕科技永續概念報酬指數","4,478.53","-","23.68","-0.53","",
"臺灣智慧移動與電動車報酬指數","4,174.79","-","31.00","-0.74","",
"特選小資高價30報酬指數","4,770.69","-","47.83","-0.99","",
"特選臺灣綠能及電動車報酬指數","4,686.35","-","7.31","-0.16","",
"特選臺灣智能車供應鏈聯盟報酬指數","4,504.46","-","17.04","-0.38","",
"臺灣全市場半導體精選30報酬指數","3,982.79","-","29.05","-0.72","",
"特選臺灣高股息30報酬指數","4,324.28","-","38.03","-0.87","",
"臺灣友善環境報酬指數","4,741.19","-","0.19","--","",
"台灣永續價值報酬指數","4,390.85","+","4.26","0.10","",
"特選臺灣IC設計報酬指數","2,988.66","-","59.38","-1.95","",
"特選臺灣環境永續高股息報酬指數","4,454.82","-","17.09","-0.38","",
"臺灣友善環境50報酬指數","4,140.37","-","3.43","-0.08","",
"特選台灣策略高股息30報酬指數","4,188.85","-","39.46","-0.93","",
"特選臺灣IC設計產業代表報酬指數","3,597.44","-","81.96","-2.23","",
"特選臺灣綠能報酬指數","4,822.32","+","1.26","0.03","",
"特選臺灣成長高股息報酬指數","4,369.81","-","38.82","-0.88","",
"特選臺灣智慧50報酬指數","4,006.74","-","14.91","-0.37","",
"特選臺灣標竿PCB報酬指數","3,977.88","-","42.01","-1.05","",
"臺灣晶圓製造報酬指數","4,601.56","-","38.19","-0.82","",
"臺灣精選高息報酬指數","4,201.19","-","38.37","-0.91","",
"臺灣多因子優選高股息30報酬指數","5,057.41","-","41.88","-0.82","",
"特選臺灣優利高填息30報酬指數","4,739.00","-","43.49","-0.91","",
"臺灣多因子優選成長30報酬指數","5,233.09","-","6.55","-0.13","",
"報酬指數(臺灣指數公司)"
"報酬指數","收盤指數","漲跌(+/-)","漲跌點數","漲跌百分比(%)","特殊處理註記",
"漲升股利150報酬指數","10,419.31","-","16.41","-0.16","",
"藍籌30報酬指數","9,274.94","+","6.18","0.07","",
"工業菁英30報酬指數","9,972.38","-","40.27","-0.40","",
"電子菁英30報酬指數","9,401.39","-","93.87","-0.99","",
"低波動股利精選30報酬指數","8,155.10","-","10.67","-0.13","",
"中小型A級動能50報酬指數","16,540.81","-","180.69","-1.08","",
"特選高息低波報酬指數","9,063.58","-","44.10","-0.48","",
"臺灣永續報酬指數","9,638.98","+","2.31","0.02","",
"特選內需高收益報酬指數","7,275.69","+","41.30","0.57","",
"價值投資報酬指數","7,532.20","-","67.28","-0.89","",
"存股雙十等權重報酬指數","8,411.24","-","49.65","-0.59","",
"特選大蘋果報酬指數","7,936.75","-","67.04","-0.84","",
"中小型300報酬指數","9,514.89","-","44.04","-0.46","",
"特股高息20報酬指數","6,573.77","-","5.12","-0.08","",
"臺灣500報酬指數","8,887.49","-","4.55","-0.05","",
"臺灣勞工權益報酬指數","8,487.08","-","20.28","-0.24","",
"微波高息精選20報酬指數","7,240.02","+","10.70","0.15","",
"特選世代行動通訊報酬指數","6,574.36","+","22.75","0.35","",
"智慧投資多因子30報酬指數","5,559.33","+","17.88","0.32","",
"特選大蘋果報酬正向兩倍指數","12,933.14","-","220.35","-1.68","",
"特選大蘋果報酬反向一倍指數","7,168.60","+","59.55","0.84","",
"特選價值成長報酬指數","7,373.45","-","53.41","-0.72","",
"臺灣上櫃永續報酬指數","6,218.38","-","81.56","-1.29","",
"特選台股領航報酬指數","7,632.17","+","0.42","0.01","",
"特選Smart多因子報酬指數","6,083.72","-","6.77","-0.11","",
"特選ESG高股息報酬指數","4,372.93","-","30.14","-0.68","",
"特選上櫃ESG成長報酬指數","4,296.49","-","70.69","-1.62","",
"特選上櫃ESG電子菁英報酬指數","4,395.07","-","61.78","-1.39","",
"新臺灣高股息報酬指數","4,720.51","-","33.92","-0.71","",
"臺灣優息存股報酬指數","4,866.76","+","7.34","0.15","",
"特選上櫃ESG永續高股息報酬指數","5,808.90","-","49.83","-0.85","",
"特選臺灣金融高股息存股報酬指數","5,092.94","+","8.09","0.16","",
"上櫃ESG 30報酬指數","5,071.46","-","70.56","-1.37","",
"111年11月25日 大盤統計資訊"
"成交統計","成交金額(元)","成交股數(股)","成交筆數",
"1.一般股票","228,960,715,175","3,048,724,975","1,537,408",
"2.台灣存託憑證","15,358,322","3,957,181","984",
"3.受益憑證","0","0","0",
"4.ETF","9,488,304,205","564,616,530","137,855",
"5.受益證券","3,798,929","266,014","81",
"6.變更交易股票","11,943,525","2,180,257","961",
"7.認購(售)權證","2,097,799,080","1,944,137,000","69,644",
"8.轉換公司債","0","0","0",
"9.附認股權特別股","0","0","0",
"10.附認股權公司債","0","0","0",
"11.認股權憑證","0","0","0",
"12.公司債","0","0","0",
"13.ETN","5,399,170","1,167,000","218",
"14.創新板股票","667,728","7,029","9",
"15.創新板-變更交易方法股票","0","0","0",
"證券合計(1+6+14+15)","228,973,326,428","3,050,912,261","1,538,378",
"總計(1~15)","240,583,986,134","5,565,055,986","1,747,160",
"漲跌證券數合計"
"類型","整體市場","股票",
"上漲(漲停)","3,905(18)","265(12)",
"下跌(跌停)","5,072(32)","591(0)",
"持平","839","107",
"未成交","13,342","2",
"無比價","1,772","0",
"備註:"
""漲跌價差"為當日收盤價與前一日收盤價比較。",
""無比價"含前一日無收盤價、當日除權、除息、新上市、恢復交易者。",
"外幣成交值係以本公司當日下午3時30分公告匯率換算後加入成交金額。<br>公告匯率請參考本公司首頁>產品與服務>交易系統>雙幣ETF專區>代號對應及每日公告匯率。",

"111年11月25日每日收盤行情(全部(不含權證、牛熊證))"
"(元,股)",,,,,,,,,,,"(元,交易單位)",,,,,
"證券代號","證券名稱","成交股數","成交筆數","成交金額","開盤價","最高價","最低價","收盤價","漲跌(+/-)","漲跌價差","最後揭示買價","最後揭示買量","最後揭示賣價","最後揭示賣量","本益比",
="0050","元大台灣50","16,343,906","11,202","1,907,311,237","116.65","116.95","116.35","116.70"," ","0.00","116.70","2","116.75","54","0.00",
="0051","元大中型100","146,795","186","7,680,735","52.00","52.40","52.00","52.40","+","0.40","52.15","1","52.35","22","0.00",
="0052","富邦科技","240,148","417","24,006,191","100.00","100.25","99.80","99.85","-","0.15","99.80","47","99.85","2","0.00",
="0053","元大電子","6,065","953","337,166","55.70","55.75","55.70","55.75","+","0.05","55.55","14","55.80","3","0.00",
="0055","元大MSCI金融","162,356","278","3,516,194","21.66","21.70","21.60","21.68","+","0.06","21.68","1","21.69","1","0.00",
="0056","元大高股息","20,108,679","13,035","514,107,140","25.57","25.65","25.50","25.52","-","0.02","25.52","116","25.53","419","0.00",
="0057","富邦摩台","2,881","882","238,055","82.90","82.95","82.90","82.95","+","0.05","82.75","20","83.10","30","0.00",
="0061","元大寶滬深","58,206","1,019","1,018,956","17.73","17.73","17.45","17.57","-","0.01","17.51","10","17.60","72","0.00",
="006203","元大MSCI台灣","4,129","657","231,491","56.20","56.45","56.05","56.45","+","0.25","55.95","1","56.20","1","0.00",
="006204","永豐臺灣加權","25,208","923","1,865,388","73.90","74.15","73.90","74.05","+","0.15","74.00","3","74.15","10","0.00",
="006205","富邦上証","290,210","139","8,589,368","29.72","29.85","29.48","29.67","-","0.05","29.67","100","29.70","5","0.00",
="006206","元大上證50","33,488","30","939,174","28.15","28.15","27.90","28.12"," ","0.00","28.08","57","28.15","18","0.00",
="006207","FH滬深","167,132","16","3,857,616","23.12","23.13","23.00","23.09","-","0.07","23.10","5","23.12","11","0.00",
="006208","富邦台50","3,068,386","4,323","202,127,387","65.90","66.05","65.70","65.80","-","0.10","65.80","38","65.85","89","0.00",
="00625K","富邦上証+R","0","0","0","--","--","--","--"," ","0.00","6.87","5","6.92","2","0.00",
="00631L","元大台灣50正2","8,722,157","1,998","883,069,879","101.05","101.90","100.75","100.80","-","0.75","100.80","361","100.85","5","0.00",
="00632R","元大台灣50反1","155,247,265","5,550","886,474,239","5.70","5.73","5.69","5.73","+","0.04","5.72","1,760","5.73","15,871","0.00",
="00633L","富邦上証正2","6,002,209","1,535","208,475,282","34.67","35.10","34.20","34.97","+","0.53","34.97","189","34.98","2","0.00",
="00634R","富邦上証反1","445,103","31","2,146,361","4.87","4.87","4.80","4.82","-","0.04","4.81","3","4.82","498","0.00",
="00635U","期元大S&P黃金","164,169","76","3,746,512","22.77","22.86","22.76","22.82"," ","0.00","22.82","59","22.83","1","0.00",
="00636","國泰中國A50","473,634","769","9,225,366","19.62","19.62","19.38","19.53","-","0.03","19.53","44","19.55","3","0.00",
="00636K","國泰中國A50+U","200","2","1,266","6.33","6.33","6.33","6.33","X","0.00","--","0","--","0","0.00",
="00637L","元大滬深300正2","50,936,824","6,093","696,128,014","13.61","13.80","13.45","13.76","+","0.21","13.76","467","13.77","12","0.00",
="00638R","元大滬深300反1","104,000","40","1,065,690","10.32","10.33","10.18","10.19","-","0.13","10.18","6","10.19","305","0.00",
="00639","富邦深100","217,776","155","2,555,894","11.82","11.82","11.70","11.73","-","0.07","11.72","5","11.73","1","0.00",
="00640L","富邦日本正2","76,400","26","2,332,700","30.62","30.62","30.40","30.51","-","0.11","30.51","69","30.55","18","0.00",
="00641R","富邦日本反1","361,000","24","3,375,350","9.34","9.36","9.34","9.34","+","0.01","9.34","13","9.35","116","0.00",
="00642U","期元大S&P石油","3,403,463","796","57,393,719","16.85","16.91","16.82","16.90","+","0.13","16.89","54","16.90","191","0.00",
="00643","群益深証中小","451,392","987","6,454,073","14.58","14.58","14.25","14.28","-","0.16","14.28","5","14.30","32","0.00",
="00643K","群益深証中小+R","0","0","0","--","--","--","--"," ","0.00","3.28","2","3.34","1","0.00",
="00645","富邦日本","36,297","1,078","974,498","26.97","26.97","26.80","26.85","-","0.12","26.85","11","26.86","14","0.00",
="00646","元大S&P500","373,531","421","14,383,060","38.66","38.66","38.41","38.43","-","0.17","38.43","12","38.44","110","0.00",
="00647L","元大S&P500正2","138,170","39","7,679,853","55.65","55.65","55.50","55.50","-","0.15","55.45","110","55.50","1","0.00",
="00648R","元大S&P500反1","746,000","96","5,402,180","7.25","7.25","7.23","7.23","-","0.02","7.23","2,296","7.24","147","0.00",
="00650L","FH香港正2","7,929,209","1,279","87,484,658","11.24","11.27","10.92","11.01","-","0.16","11.01","245","11.02","5","0.00",
="00651R","FH香港反1","236,000","52","2,288,540","9.61","9.74","9.61","9.67","+","0.02","9.66","200","9.67","22","0.00",
="00652","富邦印度","351,130","502","10,889,648","31.03","31.05","30.96","31.03","-","0.02","31.00","20","31.03","2","0.00",
="00653L","富邦印度正2","288,100","86","13,904,770","48.22","48.40","48.15","48.19","+","0.26","48.19","80","48.24","2","0.00",
="00654R","富邦印度反1","544,000","109","4,180,680","7.73","7.73","7.67","7.68","-","0.08","7.68","26","7.70","31","0.00",
="00655L","國泰中國A50正2","2,422,210","511","59,452,313","24.43","24.86","24.17","24.80","+","0.43","24.80","454","24.81","7","0.00",
="00656R","國泰中國A50反1","1,417,000","55","12,957,060","9.17","9.19","9.07","9.08","-","0.11","9.07","9","9.08","149","0.00",
="00657","國泰日經225","5,115","992","169,373","33.29","33.29","33.23","33.23","+","0.06","33.23","2","33.31","56","0.00",
="00657K","國泰日經225+U","200","2","2,154","10.77","10.77","10.77","10.77","X","0.00","--","0","--","0","0.00",
="00660","元大歐洲50","5,042","1,039","144,992","28.94","28.97","28.94","28.94","-","0.03","28.94","48","29.06","21","0.00",
="00661","元大日經225","3,000","3","107,460","35.82","35.82","35.82","35.82","-","0.08","35.83","10","35.93","1","0.00",
="00662","富邦NASDAQ","585,957","326","27,670,899","47.31","47.42","47.08","47.08","-","0.23","47.08","57","47.15","64","0.00",
="00663L","國泰臺灣加權正2","1,879,000","72","174,689,900","93.05","93.35","92.40","92.55","-","0.50","92.55","37","92.60","256","0.00",
="00664R","國泰臺灣加權反1","4,724,595","440","30,547,631","6.47","6.48","6.45","6.48","+","0.02","6.47","9,510","6.48","1,823","0.00",
="00665L","富邦恒生國企正2","16,955,636","1,553","118,162,187","7.14","7.18","6.90","6.95","-","0.12","6.95","559","6.96","17","0.00",
="00666R","富邦恒生國企反1","254,000","25","4,302,050","16.81","16.98","16.81","16.88","+","0.02","16.86","1","16.89","24","0.00",
="00668","國泰美國道瓊","14,051","662","538,908","38.54","38.54","38.32","38.33","-","0.17","38.32","1","38.33","29","0.00",
="00668K","國泰美國道瓊+U","200","2","2,484","12.42","12.42","12.42","12.42","X","0.00","--","0","--","0","0.00",
="00669R","國泰美國道瓊反1","8,833,765","610","68,978,313","7.81","7.82","7.80","7.81","+","0.01","7.80","4,728","7.81","107","0.00",
="00670L","富邦NASDAQ正2","1,731,615","575","100,945,455","58.30","58.40","58.20","58.25","+","0.10","58.25","8","58.30","343","0.00",
="00671R","富邦NASDAQ反1","3,830,100","249","23,519,334","6.14","6.15","6.13","6.15"," ","0.00","6.14","2,803","6.15","4,310","0.00",
="00673R","期元大S&P原油反1","11,366,481","1,168","100,995,755","8.89","8.92","8.85","8.87","-","0.09","8.86","168","8.87","853","0.00",
="00674R","期元大S&P黃金反1","1,118,250","118","14,975,869","13.43","13.43","13.37","13.40","-","0.02","13.39","20","13.40","160","0.00",
="00675L","富邦臺灣加權正2","878,727","322","35,582,828","40.51","40.71","40.27","40.27","-","0.33","40.27","198","40.29","1","0.00",
="00676R","富邦臺灣加權反1","25,288,007","473","89,603,670","3.55","3.56","3.54","3.56","+","0.02","3.55","9,601","3.56","804","0.00",
="00678","群益NBI生技","337,547","727","8,974,885","26.70","26.70","26.55","26.55","-","0.19","26.55","1","26.60","1","0.00",
="00680L","元大美債20正2","5,558,092","1,117","67,398,277","11.99","12.35","11.99","12.06","+","0.07","12.06","58","12.07","6","0.00",
="00681R","元大美債20反1","465,000","61","8,521,190","18.39","18.39","18.29","18.29","-","0.15","18.29","143","18.31","7","0.00",
="00682U","期元大美元指數","94,104","47","1,979,519","21.01","21.06","21.00","21.03","+","0.04","21.03","29","21.05","33","0.00",
="00683L","期元大美元指正2","571,020","192","12,878,390","22.56","22.60","22.49","22.56","+","0.07","22.56","6","22.57","25","0.00",
="00684R","期元大美元指反1","15,010","8","237,795","15.83","15.86","15.80","15.85","+","0.01","15.83","1","15.85","6","0.00",
="00685L","群益臺灣加權正2","101,036","60","3,630,787","35.96","36.10","35.72","35.83","-","0.22","35.80","3","35.82","10","0.00",
="00686R","群益臺灣加權反1","160,000","37","615,670","3.85","3.86","3.84","3.85"," ","0.00","3.84","74","3.85","5","0.00",
="00688L","國泰20年美債正2","1,946,490","368","23,129,986","11.86","12.28","11.85","11.85","+","0.02","11.85","86","11.86","27","0.00",
="00689R","國泰20年美債反1","843,000","19","16,050,840","19.12","19.12","19.03","19.03","-","0.18","19.00","155","19.01","8","0.00",
="00690","兆豐藍籌30","4,965,146","2,278","143,680,885","28.94","29.03","28.86","28.91","+","0.12","28.90","78","28.91","1","0.00",
="00692","富邦公司治理","2,003,498","1,247","56,507,646","28.21","28.27","28.15","28.17","-","0.04","28.17","21","28.19","1","0.00",
="00693U","期街口S&P黃豆","26,650","20","686,909","25.75","25.80","25.75","25.77","+","0.01","25.75","1","25.82","2","0.00",
="00700","富邦恒生國企","201,420","1,071","2,322,775","11.65","11.65","11.46","11.49","-","0.12","11.49","20","11.51","1","0.00",
="00701","國泰股利精選30","714,514","599","15,833,312","22.17","22.20","22.12","22.20","+","0.04","22.19","17","22.20","31","0.00",
="00702","國泰標普低波高息","102,197","12","2,272,139","22.29","22.29","22.23","22.23","-","0.11","22.18","30","22.24","10","0.00",
="00703","台新MSCI中國","47,448","811","673,490","14.24","14.24","14.15","14.20","-","0.17","14.20","20","14.23","25","0.00",
="00706L","期元大S&P日圓正2","1,114,260","276","10,581,540","9.46","9.53","9.45","9.52","+","0.06","9.51","37","9.52","109","0.00",
="00707R","期元大S&P日圓反1","1,000","1","24,810","24.81","24.81","24.81","24.81","-","0.01","24.74","1","24.78","10","0.00",
="00708L","期元大S&P黃金正2","533,404","85","12,499,457","23.34","23.53","23.32","23.46","+","0.09","23.44","72","23.46","5","0.00",
="00709","富邦歐洲","424,389","1,093","9,705,485","22.76","23.00","22.76","22.98","+","0.15","22.85","5","23.01","2","0.00",
="00710B","FH彭博非投等債","76,002","64","1,381,171","18.26","18.26","18.15","18.15","-","0.06","18.15","9","18.17","62","0.00",
="00711B","FH彭博新興債","250,300","970","3,977,306","15.90","15.96","15.88","15.89","-","0.01","15.87","32","15.90","1","0.00",
="00712","FH富時不動產","2,498,668","1,613","26,592,125","10.70","10.70","10.60","10.62","-","0.08","10.61","48","10.62","24","0.00",
="00713","元大台灣高息低波","2,206,211","1,313","85,481,161","38.86","38.89","38.66","38.73","-","0.13","38.73","35","38.74","2","0.00",
="00714","群益道瓊美國地產","956,630","201","18,420,713","19.30","19.30","19.20","19.28","-","0.02","19.28","13","19.29","53","0.00",
="00715L","期街口布蘭特正2","13,558,523","2,188","219,060,300","16.15","16.23","16.07","16.21","+","0.19","16.20","76","16.21","18","0.00",
="00717","富邦美國特別股","283,983","238","4,227,219","14.90","14.92","14.86","14.86","-","0.02","14.85","8","14.86","1","0.00",
="00728","第一金工業30","302,692","344","7,017,683","23.21","23.24","23.14","23.16","-","0.05","23.15","12","23.16","2","0.00",
="00730","富邦臺灣優質高息","178,740","175","2,933,762","16.45","16.47","16.37","16.37","-","0.05","16.37","4","16.39","4","0.00",
="00731","FH富時高息低波","1,118,918","247","59,867,951","53.55","53.65","53.40","53.50"," ","0.00","53.50","15","53.55","2","0.00",
="00732","國泰RMB短期報酬","100,000","4","3,971,000","39.71","39.71","39.71","39.71","-","0.36","39.64","17","39.73","17","0.00",
="00733","富邦臺灣中小","167,051","233","5,861,599","35.26","35.40","34.87","34.87","-","0.40","34.86","6","34.87","7","0.00",
="00735","國泰臺韓科技","117,167","1,002","2,991,890","25.54","25.54","25.54","25.54","-","0.08","25.49","15","25.57","1","0.00",
="00736","國泰新興市場","102,178","949","1,943,492","19.03","19.03","19.03","19.03","-","0.08","18.94","5","19.02","1","0.00",
="00737","國泰AI+Robo","163,050","1,048","4,204,223","25.81","25.81","25.76","25.78","-","0.02","25.75","20","25.78","1","0.00",
="00738U","期元大道瓊白銀","2,367,000","164","51,342,300","21.58","21.72","21.57","21.61","-","0.15","21.61","11","21.63","80","0.00",
="00739","元大MSCI A股","17,017","834","370,749","21.82","22.00","21.78","22.00"," ","0.00","21.95","1","22.02","2","0.00",
="00752","中信中國50","2,234,195","745","35,734,038","16.35","16.36","15.89","15.93","-","0.23","15.93","3","15.95","79","0.00",
="00753L","中信中國50正2","13,410,180","2,082","119,937,101","9.16","9.20","8.87","8.88","-","0.17","8.88","181","8.89","5","0.00",
="00757","統一FANG+","240,327","400","8,462,384","35.34","35.42","35.07","35.11","-","0.23","35.10","4","35.11","26","0.00",
="00762","元大全球AI","60,377","84","1,929,738","32.02","32.04","31.89","31.89","-","0.10","31.89","1","31.91","12","0.00",
="00763U","期街口道瓊銅","46,000","4","1,078,890","23.51","23.51","23.45","23.46","-","0.05","23.44","100","23.52","30","0.00",
="00770","國泰北美科技","105,213","893","3,070,030","29.24","29.24","29.18","29.20","-","0.04","29.16","1","29.20","60","0.00",
="00771","元大US高息特別股","51,071","864","842,489","16.50","16.53","16.48","16.50"," ","0.00","16.49","1","16.50","25","0.00",
="00774B","新光中國政金綠債","1,998","997","78,794","39.87","39.87","39.87","39.87","-","0.23","39.69","50","39.88","1","0.00",
="00774C","新光中政金綠債+R","0","0","0","--","--","--","--"," ","0.00","9.06","2","9.12","2","0.00",
="00775B","新光投等債15+","1,714","705","57,126","34.00","34.00","34.00","34.00","+","0.08","33.79","5","34.00","4","0.00",
="00783","富邦中証500","71,952","955","1,450,891","20.19","20.19","20.16","20.16","-","0.22","20.16","4","20.22","2","0.00",
="00830","國泰費城半導體","2,336,987","872","58,819,312","25.20","25.25","25.13","25.15","-","0.02","25.14","109","25.15","16","0.00",
="00850","元大臺灣ESG永續","1,835,139","560","53,875,050","29.42","29.42","29.28","29.36"," ","0.00","29.35","1","29.36","29","0.00",
="00851","台新全球AI","25,912","917","613,717","23.68","23.72","23.68","23.71","-","0.09","23.68","1","23.71","2","0.00",
="00852L","國泰美國道瓊正2","833,000","44","17,231,990","20.71","20.71","20.66","20.67","-","0.04","20.67","114","20.68","250","0.00",
="00861","元大全球未來通訊","84,250","106","2,315,988","27.57","27.57","27.46","27.47","-","0.01","27.45","1","27.47","2","0.00",
="00865B","國泰US短期公債","110,504","511","4,441,806","40.25","40.25","40.17","40.22","-","0.22","40.16","31","40.23","33","0.00",
="00875","國泰網路資安","228,501","89","5,980,065","26.24","26.24","26.11","26.11","-","0.06","26.09","61","26.12","20","0.00",
="00876","元大全球5G","239,434","160","6,237,275","26.09","26.20","26.00","26.00","-","0.10","25.98","31","26.00","30","0.00",
="00878","國泰永續高股息","34,584,918","13,200","567,242,090","16.37","16.43","16.37","16.40","+","0.05","16.40","252","16.41","710","0.00",
="00881","國泰台灣5G+","6,925,968","2,251","100,428,108","14.54","14.55","14.46","14.49","-","0.04","14.49","935","14.50","448","0.00",
="00882","中信中國高股息","3,802,214","1,228","42,756,789","11.25","11.31","11.20","11.28","+","0.07","11.28","82","11.29","89","0.00",
="00885","富邦越南","28,584,579","5,152","303,879,129","10.59","10.72","10.55","10.64","+","0.13","10.64","15","10.65","582","0.00",
="00891","中信關鍵半導體","7,081,975","2,530","84,580,510","12.00","12.02","11.89","11.90","-","0.10","11.90","124","11.91","87","0.00",
="00892","富邦台灣半導體","4,040,382","1,103","43,218,199","10.77","10.77","10.64","10.64","-","0.12","10.64","96","10.65","141","0.00",
="00893","國泰智能電動車","5,354,575","1,627","65,173,513","12.21","12.24","12.15","12.15","-","0.04","12.14","96","12.15","83","0.00",
="00894","中信小資高價30","1,077,873","317","13,173,235","12.27","12.29","12.15","12.16","-","0.11","12.15","5","12.16","31","0.00",
="00895","富邦未來車","2,682,373","487","36,123,406","13.49","13.51","13.44","13.44"," ","0.00","13.44","16","13.45","27","0.00",
="00896","中信綠能及電動車","977,397","411","13,101,120","13.39","13.43","13.37","13.37","-","0.02","13.35","113","13.37","7","0.00",
="00897","富邦基因免疫生技","1,604,168","244","14,451,034","9.01","9.05","8.99","9.00","-","0.01","8.99","263","9.00","42","0.00",
="00898","國泰基因免疫革命","518,808","219","4,027,133","7.78","7.80","7.74","7.75","-","0.03","7.74","20","7.75","165","0.00",
="00899","FT潔淨能源","75,279","97","1,808,356","24.09","24.10","23.94","23.94","+","0.01","23.94","8","23.95","1","0.00",
="00900","富邦特選高股息30","14,224,693","3,865","153,649,792","10.83","10.86","10.76","10.78","-","0.03","10.77","47","10.78","228","0.00",
="00901","永豐智能車供應鏈","350,432","221","4,277,257","12.24","12.24","12.17","12.19","-","0.04","12.17","11","12.19","17","0.00",
="00902","中信電池及儲能","6,512,505","1,522","87,463,275","13.57","13.59","13.36","13.38","-","0.19","13.38","131","13.39","50","0.00",
="00903","富邦元宇宙","3,703,555","547","32,423,506","8.73","8.78","8.73","8.75","+","0.03","8.74","55","8.75","772","0.00",
="00904","新光臺灣半導體30","1,194,980","314","13,507,303","11.39","11.39","11.26","11.27","-","0.08","11.27","19","11.28","1","0.00",
="00905","FT臺灣Smart","478,361","238","4,206,634","8.82","8.82","8.78","8.78","-","0.01","8.78","11","8.79","30","0.00",
="00906","大華元宇宙科技50","2,719","6","25,157","9.23","9.23","9.23","9.23"," ","0.00","9.14","1","9.22","10","0.00",
="00907","永豐優息存股","705,900","303","10,161,008","14.40","14.42","14.36","14.41","+","0.03","14.40","5","14.41","30","0.00",
="00908","富邦入息REITs+","740,262","129","10,119,756","13.70","13.70","13.64","13.66","-","0.03","13.66","8","13.67","49","0.00",
="00909","國泰數位支付服務","561,067","172","8,741,799","15.68","15.68","15.55","15.57","-","0.05","15.56","3","15.57","182","0.00",
="00910","第一金太空衛星","266,240","118","4,043,836","15.20","15.21","15.15","15.15","-","0.04","15.15","20","15.20","27","0.00",
="00911","兆豐洲際半導體","158,100","62","2,504,954","15.89","15.89","15.82","15.84","+","0.02","15.81","1","15.84","43","0.00",
="00912","中信臺灣智慧50","543,169","227","7,748,172","14.28","14.31","14.22","14.22","-","0.07","14.21","260","14.23","5","0.00",
="00913","兆豐台灣晶圓製造","211,829","22","3,260,766","15.41","15.45","15.39","15.39","-","0.02","15.36","1","15.40","2","0.00",
="00915","凱基優選高股息30","1,126,026","536","17,113,959","15.20","15.25","15.13","15.13","-","0.10","15.12","1","15.13","17","0.00",
="00916","國泰全球品牌50","2,174,024","291","32,896,559","15.21","15.21","15.08","15.09","-","0.08","15.08","135","15.09","175","0.00",
="00917","中信特選金融","634,797","165","9,865,429","15.58","15.59","15.51","15.51","-","0.07","15.50","257","15.51","8","0.00",
="00918","大華優利高填息30","3,388,568","1,278","51,450,043","15.20","15.26","15.11","15.11","-","0.07","15.11","29","15.12","11","0.00",
="00919","群益台灣精選高息","3,836,249","1,173","64,258,270","16.81","16.87","16.66","16.66","-","0.13","16.66","37","16.67","10","0.00",
="00920","富邦ESG綠色電力","667,867","95","11,633,382","17.44","17.46","17.41","17.41","+","0.02","17.40","192","17.41","124","0.00",
="01001T","土銀富邦R1","1,000","1","16,510","16.51","16.51","16.51","16.51","-","0.08","16.48","2","16.51","5","0.00",
="01002T","土銀國泰R1","141,000","47","2,535,390","17.92","18.00","17.92","17.98","-","0.01","17.97","16","18.00","5","0.00",
="01003T","兆豐新光R1","8,000","5","165,800","20.72","20.87","20.70","20.87"," ","0.00","20.61","3","20.87","1","0.00",
="01004T","土銀富邦R2","1,014","2","15,919","15.70","15.70","15.70","15.70","X","0.00","15.57","18","15.70","4","0.00",
="01007T","兆豐國泰R2","6,000","6","109,500","18.25","18.25","18.25","18.25","X","0.00","18.24","2","18.25","18","0.00",
="01009T","王道圓滿R1","81,000","11","681,340","8.50","8.50","8.40","8.40","-","0.05","8.39","5","8.46","10","0.00",
="01010T","京城樂富R1","28,000","9","274,470","9.92","9.92","9.78","9.85","+","0.03","9.80","3","9.85","4","0.00",
="020000","富邦特選蘋果N","0","0","0","--","--","--","--"," ","0.00","6.67","10","6.68","10","0.00",
="020002","元富新中國N","1,000","1","11,460","11.46","11.46","11.46","11.46","X","0.00","11.45","499","11.47","355","0.00",
="020007","凱基臺灣500N","0","0","0","--","--","--","--"," ","0.00","30.39","201","30.44","221","0.00",
="020011","統一微波高息20N","0","0","0","--","--","--","--"," ","0.00","6.84","449","6.85","332","0.00",
="020012","富邦行動通訊N","0","0","0","--","--","--","--"," ","0.00","6.45","10","6.46","10","0.00",
="020015","統一MSCI美低波N","0","0","0","--","--","--","--"," ","0.00","14.79","372","14.81","307","0.00",
="020016","統一MSCI美科技N","0","0","0","--","--","--","--"," ","0.00","16.67","369","16.69","318","0.00",
="020018","統一價值成長30N","1,000","1","14,500","14.50","14.50","14.50","14.50","+","0.11","14.32","443","14.33","348","0.00",
="020019","統一特選台灣5GN","1,000","1","12,190","12.19","12.19","12.19","12.19","X","0.00","12.12","402","12.14","272","0.00",
="02001L","富邦蘋果正二N","0","0","0","--","--","--","--"," ","0.00","9.05","10","9.06","10","0.00",
="02001R","富邦蘋果反一N","1,000","1","2,990","2.99","2.99","2.99","2.99","+","0.01","3.00","10","3.01","10","0.00",
="020020","元大台股領航N","70,000","21","460,170","6.57","6.58","6.56","6.58","+","0.01","6.57","499","6.58","499","0.00",
="020022","元大電動車N","215,000","52","1,124,610","5.22","5.25","5.22","5.22"," ","0.00","5.22","496","5.23","541","0.00",
="020028","元大特選電動車N","145,000","28","731,850","5.03","5.06","5.03","5.03","-","0.01","5.03","500","5.04","499","0.00",
="020029","元大ESG高股息N","92,000","23","414,480","4.53","4.53","4.49","4.50","-","0.02","4.50","497","4.51","500","0.00",
="020030","統一智慧電動車N","149,000","20","595,550","4.01","4.01","3.98","3.99","-","0.02","3.98","362","3.99","338","0.00",
="020031","統一IC設計臺灣N","157,000","18","553,420","3.57","3.57","3.51","3.51","-","0.07","3.51","374","3.53","335","0.00",
="020032","元大綠能N","74,000","21","352,690","4.77","4.78","4.75","4.76","+","0.02","4.76","499","4.77","499","0.00",
="020034","元大IC設計N","261,000","31","1,125,260","4.34","4.35","4.28","4.28","-","0.11","4.28","499","4.29","499","0.00",
"1101","台泥","28,320,443","10,445","945,463,562","33.10","33.55","33.10","33.55","+","0.35","33.50","1","33.55","327","27.96",
"1101B","台泥乙特","33,009","14","1,579,081","47.75","48.00","47.70","48.00","+","0.10","47.75","8","48.00","3","0.00",
"1102","亞泥","4,340,138","2,580","177,873,413","41.05","41.35","40.75","40.95","-","0.15","40.95","40","41.00","9","9.44",
"1103","嘉泥","106,827","97","1,857,026","17.40","17.40","17.35","17.35","-","0.10","17.35","2","17.40","4","0.00",
"1104","環泥","341,461","163","7,384,634","21.60","21.70","21.55","21.55"," ","0.00","21.55","58","21.65","3","7.84",
"1108","幸福","321,394","152","3,455,850","10.65","10.85","10.60","10.70","+","0.15","10.70","20","10.75","13","10.92",
"1109","信大","280,104","129","4,401,049","15.60","15.85","15.60","15.85","+","0.30","15.80","23","15.85","31","9.11",
"1110","東泥","109,008","56","1,941,591","17.80","17.90","17.75","17.80","-","0.05","17.75","20","17.80","1","161.82",
"1201","味全","196,288","191","3,777,583","19.30","19.35","19.15","19.15","-","0.10","19.15","5","19.20","8","21.76",
"1203","味王","841","24","28,327","--","--","--","--"," ","0.00","33.75","1","33.95","1","12.91",
"1210","大成","1,331,622","972","58,827,230","43.70","44.45","43.70","44.05","+","0.50","44.05","39","44.10","25","18.82",
"1213","大飲","11,000","5","77,690","7.05","7.13","7.03","7.04","-","0.01","7.04","1","7.14","1","0.00",
"1215","卜蜂","293,876","438","22,997,758","78.20","78.50","78.00","78.30","-","0.10","78.30","1","78.40","8","15.54",
"1216","統一","17,978,738","7,421","1,165,343,887","64.50","65.70","64.20","65.70","+","0.40","65.30","85","65.70","197","20.73",
"1217","愛之味","1,080,285","516","11,047,833","10.30","10.35","10.15","10.20","-","0.10","10.20","13","10.25","42","22.67",
"1218","泰山","4,272,187","2,327","179,960,886","40.80","42.85","40.80","42.60","+","1.80","42.55","1","42.60","15","35.80",
"1219","福壽","515,394","257","9,802,581","19.00","19.15","18.95","19.00"," ","0.00","19.00","18","19.05","50","16.38",
"1220","台榮","96,772","70","1,431,589","14.80","14.85","14.75","14.75","+","0.05","14.75","3","14.80","4","40.97",
"1225","福懋油","20,203","27","1,150,975","57.50","57.50","56.30","57.00","-","0.50","56.60","3","57.30","2","26.89",
"1227","佳格","332,444","459","13,509,571","40.50","40.85","40.50","40.55","+","0.10","40.50","6","40.55","22","25.19",
"1229","聯華","827,068","971","41,431,017","50.50","50.60","49.40","50.00","-","0.20","50.00","9","50.10","15","19.76",
"1231","聯華食","241,295","997","17,291,852","72.30","72.60","71.00","71.30","-","1.00","71.30","2","71.40","1","18.24",
"1232","大統益","53,598","231","7,831,308","147.00","147.00","145.50","145.50","-","2.00","145.50","2","146.00","4","17.53",
"1233","天仁","1,000","1","32,450","32.45","32.45","32.45","32.45"," ","0.00","32.30","2","32.50","4","59.00",
"1234","黑松","255,642","179","8,412,276","33.00","33.10","32.85","32.90","-","0.10","32.85","8","32.90","8","13.88",
"1235","興泰","23,219","43","1,640,737","70.20","71.50","70.00","70.00","-","0.50","70.00","5","70.30","1","51.85",
"1236","宏亞","80,423","85","1,694,965","21.40","21.40","20.90","20.90","-","0.35","20.90","1","21.00","3","5.68",
"1256","鮮活果汁-KY","5,451","68","1,244,015","229.00","229.00","227.00","227.00","-","2.50","227.00","2","228.50","1","22.19",
"1301","台塑","6,644,731","4,212","596,985,852","89.80","90.10","89.20","89.90","+","0.20","89.80","118","89.90","825","9.47",
"1303","南亞","11,101,186","5,703","862,141,700","77.40","78.30","77.10","77.10"," ","0.00","77.10","209","77.20","24","12.18",
"1304","台聚","1,893,402","921","39,115,268","20.55","20.95","20.50","20.50","-","0.05","20.50","186","20.55","27","8.27",
"1305","華夏","1,452,369","762","30,730,056","21.05","21.35","21.00","21.05","+","0.10","21.05","93","21.10","11","42.96",
"1307","三芳","49,012","37","1,028,371","21.10","21.20","20.90","20.95","-","0.15","20.90","6","20.95","3","17.60",
"1308","亞聚","1,514,981","855","40,429,429","26.70","27.10","26.30","26.35","-","0.35","26.35","58","26.40","4","7.49",
"1309","台達化","1,086,124","680","21,748,423","19.75","20.20","19.70","19.95","+","0.20","19.95","8","20.00","4","8.75",
"1310","台苯","344,915","269","4,640,589","13.45","13.50","13.35","13.40","-","0.05","13.35","29","13.40","4","0.00",
"1312","國喬","6,503,955","3,225","118,723,699","17.85","18.45","17.80","18.30","+","0.45","18.25","94","18.30","68","26.91",
"1312A","國喬特","0","0","0","--","--","--","--"," ","0.00","27.30","4","27.60","2","0.00",
"1313","聯成","1,916,802","707","25,139,981","12.95","13.25","12.95","13.10","+","0.15","13.05","54","13.10","135","0.00",
"1314","中石化","6,962,595","2,957","69,152,133","9.90","9.96","9.89","9.91","+","0.02","9.91","100","9.92","12","35.39",
"1315","達新","13,938","25","977,825","70.60","70.60","70.10","70.10","+","0.40","70.00","1","70.30","3","9.50",
"1316","上曜","729,636","352","9,086,754","12.35","12.60","12.35","12.40","+","0.05","12.40","8","12.45","39","18.51",
"1319","東陽","2,553,382","1,859","115,834,689","45.50","45.95","45.00","45.05","-","0.50","45.05","9","45.10","7","13.37",
"1321","大洋","187,011","140","6,305,318","33.40","34.05","33.40","33.50","+","0.35","33.45","7","33.50","7","124.07",
"1323","永裕","81,040","38","2,648,252","32.65","32.80","32.65","32.70","+","0.05","32.65","1","32.70","13","14.93",
"1324","地球","1,352","12","14,192","10.50","10.50","10.50","10.50","+","0.05","10.45","1","10.50","5","262.50",
"1325","恆大","127,449","99","2,879,757","22.70","22.75","22.50","22.50","-","0.05","22.50","7","22.55","1","52.33",
"1326","台化","5,012,575","1,932","369,429,820","73.30","74.00","73.00","74.00","+","0.20","73.80","3","74.00","286","23.49",
"1337","再生-KY","402,426","235","2,827,030","7.00","7.11","6.95","6.95","-","0.05","6.95","8","6.97","3","0.00",
"1338","廣華-KY","125,384","126","5,671,493","45.40","45.65","45.10","45.10","-","0.35","45.10","2","45.20","1","13.58",
"1339","昭輝","60,712","125","2,503,212","41.20","41.50","41.10","41.35","-","0.15","41.10","14","41.40","7","6.36",
"1340","勝悅-KY","82,166","119","821,857","10.05","10.10","9.95","9.98","-","0.07","9.98","4","10.05","15","0.00",
"1341","富林-KY","21,330","25","1,472,831","69.90","69.90","68.50","69.50","+","0.60","69.00","1","69.50","1","11.54",
"1342","八貫","766,396","675","67,316,750","87.90","89.40","87.00","87.10","-","0.60","87.00","30","87.10","3","13.61",
"1402","遠東新","9,121,499","3,678","287,189,820","31.50","31.65","31.25","31.55","-","0.25","31.55","87","31.60","211","18.13",
"1409","新纖","5,687,817","1,869","100,498,211","17.65","17.85","17.50","17.55","+","0.05","17.55","45","17.60","40","7.70",
"1410","南染","435,601","349","18,433,863","42.90","43.00","41.95","41.95","-","0.95","41.95","1","42.00","1","44.16",
"1413","宏洲","26,000","17","252,140","9.74","9.77","9.68","9.76","+","0.02","9.69","2","9.77","2","8.56",
"1414","東和","169,685","125","2,976,632","17.65","17.65","17.40","17.60"," ","0.00","17.55","1","17.60","26","26.67",
"1416","廣豐","122,633","149","1,268,235","10.35","10.40","10.30","10.30","-","0.05","10.30","17","10.35","13","20.20",
"1417","嘉裕","4,837,583","1,711","62,525,504","12.00","13.20","12.00","13.20","+","1.20","13.20","16,399","--","0","0.00",
"1418","東華","16,218","17","226,400","13.90","14.00","13.90","14.00","-","0.05","13.95","1","14.05","5","0.00",
"1419","新紡","64,056","36","2,493,675","38.90","39.05","38.80","38.85","-","0.05","38.85","1","39.05","7","5.75",
"1423","利華","30,105","36","601,900","20.15","20.15","19.90","20.00","-","0.15","19.90","10","20.00","12","36.36",
"1432","大魯閣","344,083","242","4,229,636","12.35","12.40","12.20","12.20","-","0.20","12.20","27","12.30","2","0.00",
"1434","福懋","747,774","574","19,741,453","26.45","26.50","26.30","26.35","-","0.05","26.35","12","26.40","30","12.55",
"1436","華友聯","41,048","34","2,319,696","56.50","56.60","56.50","56.60","-","0.10","56.50","1","56.60","4","10.76",
"1437","勤益控","102,283","85","2,567,625","25.20","25.20","25.00","25.05","-","0.05","25.00","1","25.10","11","12.34",
"1438","三地開發","2,000","2","58,150","29.05","29.10","29.05","29.10","-","0.10","29.10","1","29.15","1","5.19",
"1439","雋揚","61,000","51","1,340,700","21.50","23.05","21.25","21.75","+","0.25","21.60","2","21.85","1","12.43",
"1440","南紡","1,267,401","565","21,810,299","17.10","17.30","17.10","17.20","+","0.10","17.15","45","17.20","6","15.64",
"1441","大東","27,131","80","217,105","7.99","8.01","7.99","8.00","+","0.01","7.97","1","7.99","2","0.00",
"1442","名軒","1,027,513","477","35,468,163","33.85","34.70","33.85","34.60","+","0.80","34.60","8","34.65","73","82.38",
"1443","立益物流","63,020","48","1,353,879","21.50","21.65","21.25","21.50","-","0.15","21.50","3","21.75","2","7.52",
"1444","力麗","1,630,907","527","17,085,924","10.50","10.60","10.40","10.40","-","0.15","10.40","218","10.45","8","7.94",
"1445","大宇","46,551","24","748,446","16.05","16.10","16.05","16.10","-","0.05","16.05","1","16.10","9","0.00",
"1446","宏和","74,312","37","2,312,812","31.20","31.30","31.00","31.05","-","0.15","31.00","11","31.05","9","0.00",
"1447","力鵬","653,974","288","5,185,192","7.94","7.97","7.90","7.92","-","0.04","7.90","22","7.93","15","27.31",
"1449","佳和","587,631","360","7,162,685","12.25","12.40","11.90","11.90","-","0.35","11.90","6","12.00","2","7.63",
"1451","年興","348,447","251","7,472,030","21.45","21.70","21.30","21.40","-","0.05","21.40","3","21.50","2","8.17",
"1452","宏益","63,881","61","1,118,850","17.50","17.55","17.45","17.55","+","0.05","17.50","10","17.55","4","11.78",
"1453","大將","6,108,493","3,568","113,370,651","19.00","19.40","17.90","18.10","+","0.25","18.10","49","18.20","1","20.34",
"1454","台富","287,227","62","3,767,949","13.40","13.45","12.95","13.20","-","0.10","13.10","4","13.20","3","37.71",
"1455","集盛","613,172","235","6,381,144","10.35","10.45","10.35","10.35"," ","0.00","10.35","61","10.40","10","0.00",
"1456","怡華","68,021","45","1,098,993","16.45","16.45","16.00","16.20","-","0.20","16.10","2","16.20","7","81.00",
"1457","宜進","207,228","109","3,848,790","18.65","18.65","18.50","18.55","-","0.05","18.50","47","18.55","4","4.17",
"1459","聯發","40,586","53","333,240","8.23","8.23","8.15","8.20","-","0.03","8.16","6","8.20","3","0.00",
"1460","宏遠","887,901","441","6,267,645","7.10","7.11","7.02","7.06","-","0.01","7.06","17","7.07","3","0.00",
"1463","強盛","35,312","36","499,683","14.15","14.20","14.10","14.20","+","0.05","14.15","1","14.20","24","37.37",
"1464","得力","239,106","289","3,404,084","14.30","14.35","14.20","14.20","-","0.15","14.15","27","14.20","2","13.03",
"1465","偉全","103,373","64","1,443,508","13.75","14.05","13.75","14.00","+","0.05","14.00","4","14.05","3","14.14",
"1466","聚隆","72,005","36","815,706","11.35","11.40","11.30","11.30"," ","0.00","11.20","29","11.30","10","32.29",
"1467","南緯","1,755,442","403","20,289,265","11.80","11.80","11.50","11.50","-","0.25","11.50","146","11.55","23","38.33",
"1468","昶和","45,070","39","581,033","12.75","13.05","12.75","13.05","+","0.05","12.90","6","13.05","3","13.74",
"1470","大統新創","161,109","84","3,286,620","20.40","20.40","20.40","20.40","+","1.85","20.40","1,035","--","0","35.17",
"1471","首利","637,142","257","4,993,060","7.85","7.94","7.78","7.78","-","0.02","7.78","67","7.80","1","0.00",
"1472","三洋實業","15,687","16","333,224","21.05","21.05","20.50","20.50","-","1.20","20.35","1","21.30","1","0.00",
"1473","台南","85,105","56","1,663,268","19.65","19.65","19.50","19.60"," ","0.00","19.55","3","19.65","3","12.10",
"1474","弘裕","59,504","46","672,093","11.30","11.35","11.20","11.30","-","0.05","11.25","3","11.30","8","14.30",
"1475","業旺","394,047","315","25,844,642","64.30","67.00","64.10","64.10","+","0.50","64.10","1","64.20","1","13.27",
"1476","儒鴻","259,234","342","114,290,973","445.00","446.00","438.00","441.00","-","4.00","441.00","4","441.50","10","16.57",
"1477","聚陽","1,370,088","9,543","300,432,063","224.00","224.50","217.00","218.00","-","6.00","218.00","13","218.50","4","15.47",
"1503","士電","880,330","390","52,118,827","58.00","59.80","57.90","58.80","+","1.30","58.70","12","59.10","2","14.89",
"1504","東元","1,952,981","998","54,657,477","28.00","28.15","27.80","27.85","-","0.05","27.85","114","27.90","34","17.52",
"1506","正道","413,183","218","6,988,176","17.05","17.05","16.80","16.85","-","0.20","16.80","10","16.85","13","33.70",
"1512","瑞利","145,011","71","470,133","3.34","3.34","3.20","3.21","-","0.04","3.21","6","3.25","3","0.00",
"1513","中興電","42,519,517","23,269","2,458,211,864","56.60","59.20","56.30","57.20","+","1.40","57.20","283","57.30","64","11.75",
"1514","亞力","8,216,322","4,667","239,658,283","28.90","29.80","28.80","29.00","+","0.70","29.00","117","29.05","36","14.36",
"1515","力山","359,144","283","10,576,652","29.35","29.90","29.05","29.20","-","0.15","29.20","2","29.25","22","85.88",
"1516","川飛","612,177","215","13,183,211","21.00","21.85","21.00","21.60","+","0.60","21.60","3","21.65","5","11.49",
"1517","利奇","798,326","467","18,221,173","23.00","23.05","22.55","22.55","-","0.40","22.50","88","22.60","4","7.75",
"1519","華城","3,316,386","1,987","137,332,943","41.00","42.25","40.70","40.70"," ","0.00","40.70","25","40.75","37","20.05",
"1521","大億","17,007","15","604,052","35.30","35.65","35.30","35.35","+","0.05","35.35","2","35.45","1","23.41",
"1522","堤維西","1,320,990","800","35,364,320","27.00","27.15","26.60","26.60","-","0.35","26.60","57","26.65","10","9.89",
"1522A","堤維西甲特","0","0","0","--","--","--","--"," ","0.00","43.10","2","44.10","1","0.00",
"1524","耿鼎","5,017,449","2,604","119,816,234","24.20","24.25","23.60","23.65","-","0.55","23.65","105","23.70","32","12.78",
"1525","江申","55,120","51","3,159,075","57.50","57.70","56.70","57.40","+","0.60","57.30","1","57.40","3","13.05",
"1526","日馳","441,423","316","19,605,980","44.65","44.90","44.10","44.25","-","0.40","44.25","5","44.40","6","6.86",
"1527","鑽全","107,050","110","4,429,893","41.50","41.50","41.25","41.25","-","0.15","41.25","4","41.30","2","7.43",
"1528","恩德","227,813","131","2,182,582","9.53","9.60","9.53","9.58","+","0.05","9.58","15","9.59","8","13.88",
"1529","樂事綠能","3,105,197","1,777","55,762,820","18.30","18.50","17.55","17.60","-","0.85","17.55","85","17.60","1","44.00",
"1530","亞崴","104,276","103","3,263,956","31.10","31.60","31.10","31.10","+","0.20","31.10","3","31.15","1","8.32",
"1531","高林股","37,171","39","509,339","13.70","13.70","13.70","13.70"," ","0.00","13.70","5","13.75","33","10.62",
"1532","勤美","267,606","110","7,751,109","29.00","29.15","28.85","28.90","-","0.10","28.85","1","28.90","1","8.28",
"1533","車王電","159,884","140","8,132,127","51.20","51.30","50.60","50.60","-","0.30","50.60","6","50.70","3","66.58",
"1535","中宇","72,003","40","3,033,276","41.90","42.25","41.90","42.10","+","0.05","42.10","1","42.15","12","9.68",
"1536","和大","1,335,577","966","97,599,969","72.90","73.60","72.50","72.60","-","0.20","72.60","34","72.70","26","36.67",
"1537","廣隆","58,298","77","8,005,858","137.50","137.50","137.00","137.00","-","0.50","137.00","6","137.50","10","12.29",
"1538","正峰","6,002","8","36,292","6.20","6.20","5.97","5.97","-","0.24","6.00","5","6.23","3","0.00",
"1539","巨庭","1,768,539","1,053","55,510,766","31.50","32.00","30.85","30.85","-","0.65","30.85","9","30.90","3","4.72",
"1540","喬福","134,955","99","2,167,889","16.05","16.15","16.00","16.00","-","0.10","16.00","13","16.05","5","13.11",
"1541","錩泰","63,317","55","2,182,445","34.40","34.80","34.20","34.60","+","0.70","34.55","2","34.65","2","5.82",
"1558","伸興","114,052","195","12,769,364","112.00","112.00","111.50","112.00"," ","0.00","111.50","21","112.00","2","14.62",
"1560","中砂","3,652,163","2,782","405,160,238","110.50","113.00","109.00","109.00","-","2.00","109.00","169","109.50","4","12.23",
"1568","倉佑","402,467","293","9,522,748","23.50","23.90","23.40","23.40","-","0.10","23.40","21","23.45","3","14.44",
"1582","信錦","86,029","122","5,077,652","59.20","59.20","58.90","59.20"," ","0.00","58.90","3","59.20","6","19.80",
"1583","程泰","1,346","3","83,313","62.00","62.00","62.00","62.00"," ","0.00","61.40","3","62.00","4","10.18",
"1587","吉茂","71,150","47","1,567,315","21.80","22.30","21.80","22.30","+","0.50","22.10","4","22.30","5","11.15",
"1589","永冠-KY","201,111","164","10,596,377","52.30","53.30","52.30","52.50","+","0.20","52.50","1","52.60","5","0.00",
"1590","亞德客-KY","565,718","661","514,087,461","904.00","917.00","887.00","916.00","+","12.00","913.00","8","916.00","1","29.19",
"1597","直得","68,861","119","5,260,438","76.90","76.90","76.10","76.30","-","0.60","76.10","2","76.50","2","21.61",
"1598","岱宇","111,364","100","4,298,823","39.20","39.20","38.20","38.50","-","0.70","38.30","7","38.50","1","0.00",
"1603","華電","311,205","147","8,366,467","26.70","27.35","26.65","26.65","+","0.15","26.65","5","26.90","4","13.06",
"1604","聲寶","128,703","140","3,260,025","25.40","25.40","25.25","25.40","-","0.10","25.25","46","25.40","3","13.96",
"1605","華新","142,152,412","59,602","6,403,426,044","43.95","45.90","43.65","45.25","+","1.35","45.25","465","45.30","203","7.22",
"1608","華榮","4,189,581","1,629","62,236,330","14.65","15.05","14.65","14.75","+","0.25","14.75","22","14.80","10","64.13",
"1609","大亞","2,385,431","1,271","45,134,452","18.95","19.15","18.65","18.65","-","0.15","18.65","39","18.70","5","12.03",
"1611","中電","834,818","389","11,931,379","14.25","14.45","14.15","14.15","-","0.10","14.15","49","14.20","26","14.89",
"1612","宏泰","752,612","321","12,180,210","16.15","16.30","16.00","16.00","-","0.15","16.00","39","16.05","7","2.07",
"1614","三洋電","104,285","20","3,758,828","36.20","36.20","35.85","36.05"," ","0.00","36.00","2","36.10","11","29.07",
"1615","大山","14,683","21","417,121","28.50","28.60","28.30","28.30","-","0.05","28.40","1","28.50","6","10.48",
"1616","億泰","101,175","1,225","753,525","7.49","7.53","7.42","7.42","-","0.06","7.42","1","7.46","2","0.00",
"1617","榮星","852","11","12,746","--","--","--","--"," ","0.00","14.90","1","14.95","5","23.73",
"1618","合機","1,952,400","929","27,911,949","13.90","14.60","13.90","14.10","+","0.20","14.10","15","14.15","2","12.16",
"1626","艾美特-KY","52,927","101","864,416","16.40","16.40","16.30","16.30","-","0.15","16.25","4","16.30","7","4.43",
"1701","中化","268,184","191","5,611,344","20.90","21.10","20.80","20.85","-","0.10","20.80","46","20.85","10","11.78",
"1702","南僑","133,569","357","5,908,703","44.50","44.75","44.05","44.05","-","0.45","44.05","19","44.10","7","15.09",
"1707","葡萄王","194,568","256","25,999,121","132.00","134.50","132.00","133.50","+","1.50","133.00","16","133.50","9","13.88",
"1708","東鹼","4,653,241","2,420","196,296,641","42.00","42.65","41.80","42.00","-","0.25","42.00","10","42.05","14","6.97",
"1709","和益","960,876","380","21,883,212","22.70","22.95","22.60","22.60"," ","0.00","22.60","54","22.65","2","10.04",
"1710","東聯","1,306,496","534","23,911,420","18.25","18.45","18.10","18.10","-","0.15","18.10","27","18.15","24","0.00",
"1711","永光","378,260","273","6,825,351","18.05","18.25","17.90","17.90","-","0.15","17.90","44","17.95","4","24.52",
"1712","興農","1,402,114","998","53,420,525","37.85","38.70","37.80","37.90","+","0.15","37.90","27","37.95","2","9.90",
"1713","國化","119,136","50","2,872,048","24.30","24.40","24.00","24.30","-","0.05","24.25","1","24.30","13","14.82",
"1714","和桐","1,475,112","540","12,532,659","8.44","8.56","8.43","8.46","+","0.04","8.46","18","8.47","3","24.17",
"1717","長興","1,703,432","1,005","55,752,119","32.60","32.95","32.45","32.55","-","0.10","32.55","13","32.60","2","13.07",
"1718","中纖","2,275,893","823","18,650,617","8.13","8.25","8.13","8.17","+","0.05","8.16","12","8.17","1","0.00",
"1720","生達","292,686","243","13,668,274","47.00","47.05","46.55","46.80","-","0.20","46.70","14","46.80","1","10.29",
"1721","三晃","413,946","254","5,849,066","14.05","14.25","14.00","14.05"," ","0.00","14.05","22","14.10","35","20.97",
"1722","台肥","1,238,415","834","69,456,521","55.80","56.40","55.70","55.80","-","0.20","55.80","8","56.00","1","18.72",
"1723","中碳","208,182","201","22,551,375","108.50","109.00","108.00","108.50"," ","0.00","108.00","1","109.00","45","15.79",
"1725","元禎","22,030","16","431,288","19.60","19.70","19.50","19.70","+","0.10","19.60","11","19.70","1","11.39",
"1726","永記","7,191","15","505,621","70.40","70.40","70.20","70.30","-","0.20","70.10","1","70.40","4","14.80",
"1727","中華化","246,669","194","6,291,829","25.35","25.75","25.15","25.15","-","0.05","25.15","2","25.20","7","21.31",
"1730","花仙子","19,651","37","1,092,908","55.00","56.40","55.00","55.50","+","0.50","55.40","2","55.50","13","13.44",
"1731","美吾華","272,412","159","4,956,551","18.10","18.35","17.95","18.20","+","0.15","18.15","1","18.20","7","15.17",
"1732","毛寶","1,078,094","804","32,118,928","30.80","31.15","28.95","28.95","-","1.05","28.95","25","29.00","11","93.39",
"1733","五鼎","389,208","194","9,509,008","24.25","24.90","24.15","24.30","+","0.05","24.25","4","24.35","2","11.05",
"1734","杏輝","567,821","424","16,656,890","29.55","29.80","29.10","29.10","-","0.45","29.10","16","29.15","6","24.66",
"1735","日勝化","1,283","5","18,636","14.50","14.50","14.50","14.50","+","0.15","14.45","1","14.50","15","111.54",
"1736","喬山","2,695,866","2,070","205,648,232","77.70","78.30","74.60","75.20","-","1.70","75.10","8","75.20","5","61.64",
"1737","臺鹽","106,469","92","3,405,166","32.00","32.05","31.90","31.90","-","0.10","31.90","8","31.95","2","15.19",
"1752","南光","531,374","421","19,050,143","35.35","36.95","35.00","36.30","+","0.95","36.30","5","36.40","2","15.12",
"1760","寶齡富錦","13,800,581","8,875","2,315,361,702","170.00","172.00","164.00","164.50","-","5.50","164.50","134","165.00","42","51.57",
"1762","中化生","496,536","404","28,768,695","58.80","58.90","57.40","57.80","-","0.90","57.80","7","57.90","4","9.19",
"1773","勝一","242,566","345","27,736,653","115.00","115.50","113.00","113.50","-","1.50","113.00","21","113.50","5","15.30",
"1776","展宇","4,070","6","67,471","16.50","16.60","16.50","16.60","-","0.15","16.70","2","16.80","1","166.00",
"1783","和康生","229,638","201","9,456,543","41.00","41.55","40.65","41.30","+","0.20","41.20","1","41.35","2","28.88",
"1786","科妍","77,561","108","3,802,986","49.55","49.55","48.70","48.80","-","0.60","48.75","3","48.85","1","23.46",
"1789","神隆","805,220","435","19,443,128","24.40","24.50","23.90","24.00","-","0.30","24.00","25","24.05","2","61.54",
"1795","美時","64,888,819","44,156","16,023,019,674","241.50","253.50","241.00","245.50","+","6.50","245.00","39","245.50","40","20.72",
"1802","台玻","9,564,827","5,148","228,604,609","24.15","24.50","23.40","23.55","-","0.10","23.50","99","23.55","71","20.30",
"1805","寶徠","28,054","17","299,017","10.75","10.75","10.45","10.60","-","0.15","10.60","1","10.75","4","0.00",
"1806","冠軍","1,423,980","673","14,075,940","9.90","10.05","9.78","9.78","+","0.06","9.78","16","9.80","3","163.00",
"1808","潤隆","234,941","171","14,982,544","64.10","64.50","63.10","63.10","-","0.90","63.10","9","63.50","5","46.06",
"1809","中釉","1,929,517","855","27,207,442","14.20","14.40","13.85","13.95","-","0.15","13.90","35","14.00","11","22.87",
"1810","和成","83,660,241","29,038","1,617,005,682","19.05","20.15","17.95","19.65","+","1.30","19.65","18","19.70","14","22.59",
"1817","凱撒衛","71,242","46","2,507,643","35.40","35.40","35.05","35.30","-","0.15","35.25","1","35.30","3","9.27",
"1903","士紙","118,014","59","6,054,221","51.20","52.00","50.40","51.70","+","0.50","51.60","2","51.70","3","60.82",
"1904","正隆","358,536","394","9,800,022","27.40","27.50","27.25","27.25","-","0.15","27.25","21","27.30","3","10.06",
"1905","華紙","611,045","306","10,607,963","17.35","17.45","17.20","17.20","-","0.10","17.20","31","17.25","7","86.00",
"1906","寶隆","271,010","83","4,490,413","16.45","16.70","16.45","16.50","+","0.05","16.45","8","16.50","1","5.12",
"1907","永豐餘","696,650","482","18,910,759","27.20","27.40","27.00","27.15","+","0.05","27.10","27","27.15","7","15.69",
"1909","榮成","2,622,793","1,175","43,097,846","16.50","16.75","16.25","16.25","-","0.20","16.25","21","16.30","17","77.38",
"2002","中鋼","37,340,863","11,547","1,089,925,997","29.30","29.60","28.75","28.75","-","0.45","28.75","594","28.80","2","10.89",
"2002A","中鋼特","23,119","15","1,051,140","45.40","45.50","45.40","45.50","+","0.10","45.45","1","45.50","1","0.00",
"2006","東和鋼鐵","1,113,009","844","58,033,827","52.10","52.90","51.90","52.10","+","0.10","52.00","25","52.10","237","8.12",
"2007","燁興","540,679","263","5,557,180","10.20","10.45","10.20","10.20"," ","0.00","10.20","4","10.25","7","0.00",
"2008","高興昌","6,400","27","108,565","17.00","17.15","16.80","16.80","-","0.20","16.80","8","17.00","5","46.67",
"2009","第一銅","9,783,427","5,607","316,343,920","31.90","33.60","31.45","31.60","+","0.50","31.55","130","31.60","100","54.48",
"2010","春源","355,198","229","5,573,030","15.65","15.90","15.55","15.55","-","0.05","15.50","48","15.55","5","13.29",
"2012","春雨","55,260","58","1,275,930","23.30","23.30","22.85","22.85","-","0.20","22.85","13","23.05","13","10.99",
"2013","中鋼構","200,638","139","11,423,081","56.20","57.40","56.20","56.80","+","0.20","56.70","2","57.00","11","20.14",
"2014","中鴻","10,259,719","4,628","237,191,207","22.95","23.60","22.70","22.80"," ","0.00","22.75","20","22.80","18","34.03",
"2015","豐興","341,237","251","21,653,397","63.30","64.30","63.10","63.60","+","0.30","63.40","8","63.60","2","10.32",
"2017","官田鋼","226,766","190","2,952,218","12.95","13.15","12.85","12.90","-","0.05","12.90","10","12.95","7","11.83",
"2020","美亞","173,034","202","4,058,656","23.40","23.70","23.30","23.40"," ","0.00","23.40","16","23.45","20","18.14",
"2022","聚亨","502,899","267","4,133,582","8.16","8.28","8.16","8.20","+","0.05","8.19","1","8.20","6","0.00",
"2023","燁輝","1,880,630","965","28,319,438","15.05","15.30","14.90","14.90","-","0.10","14.90","90","14.95","6","12.96",
"2024","志聯","87,384","42","1,577,442","18.20","18.20","17.80","17.80","-","0.40","17.80","3","18.10","2","21.19",
"2025","千興","116,002","52","557,128","4.84","4.84","4.76","4.76","-","0.07","4.78","4","4.83","4","1.73",
"2027","大成鋼","8,698,952","4,118","350,583,692","40.10","40.70","40.00","40.00","-","0.05","40.00","80","40.05","15","5.00",
"2028","威致","1,004,351","610","24,797,655","24.25","25.45","24.25","24.50","+","0.40","24.50","13","24.55","2","7.14",
"2029","盛餘","258,338","145","6,217,770","24.15","24.35","23.90","24.00","-","0.05","24.00","3","24.05","1","10.21",
"2030","彰源","1,146,483","539","25,392,219","22.00","22.50","22.00","22.00"," ","0.00","22.00","29","22.05","12","5.34",
"2031","新光鋼","1,702,155","965","64,261,748","37.40","38.40","37.10","37.25"," ","0.00","37.20","32","37.25","4","15.14",
"2032","新鋼","462,673","275","8,532,426","18.35","18.85","18.10","18.15"," ","0.00","18.15","9","18.20","4","78.91",
"2033","佳大","126,350","98","1,721,609","13.55","13.85","13.45","13.45","-","0.05","13.45","8","13.50","6","0.00",
"2034","允強","707,425","436","19,473,999","27.50","27.85","27.35","27.35","-","0.10","27.35","31","27.40","8","8.16",
"2038","海光","1,411,867","764","28,205,233","19.70","20.70","19.60","19.60"," ","0.00","19.60","13","19.65","4","11.07",
"2049","上銀","1,218,587","1,179","226,504,737","187.50","188.50","184.00","184.00","-","2.50","184.00","58","184.50","14","14.12",
"2059","川湖","463,975","565","191,430,897","415.00","416.00","408.00","413.50","+","1.50","413.50","12","414.00","11","9.81",
"2062","橋椿","226,237","171","4,998,325","22.20","22.30","22.00","22.00"," ","0.00","21.95","10","22.00","1","5.26",
"2069","運錩","397,385","215","7,848,643","19.70","20.05","19.50","19.50","-","0.15","19.50","14","19.65","9","7.12",
"2101","南港","471,219","361","16,731,891","35.55","35.85","35.30","35.40","-","0.20","35.35","6","35.45","4","0.00",
"2102","泰豐","4,802,547","2,146","103,584,209","22.05","22.05","21.10","21.25","-","0.60","21.25","25","21.30","7","0.00",
"2103","台橡","526,136","309","14,139,982","26.70","27.00","26.70","26.80","+","0.15","26.80","16","26.85","24","9.27",
"2104","國際中橡","2,079,812","1,085","43,088,779","20.90","21.15","20.45","20.50","-","0.40","20.50","25","20.55","11","7.14",
"2105","正新","2,345,284","1,315","80,414,762","34.25","34.45","34.10","34.35","+","0.10","34.30","73","34.35","106","22.45",
"2106","建大","525,785","356","16,533,027","31.35","31.65","31.20","31.30","-","0.05","31.30","3","31.35","8","60.19",
"2107","厚生","622,948","387","13,712,308","21.80","22.15","21.80","22.10","+","0.40","22.10","2","22.15","31","8.25",
"2108","南帝","2,117,501","1,588","80,742,213","37.30","38.45","37.30","38.40","+","1.25","38.40","17","38.45","39","10.73",
"2109","華豐","99,666","87","1,481,937","14.80","14.95","14.80","14.85"," ","0.00","14.85","7","14.90","3","11.51",
"2114","鑫永銓","12,687","98","1,233,582","97.30","97.30","97.10","97.20","+","0.20","97.10","1","97.20","1","17.02",
"2115","六暉-KY","65,814","57","1,916,340","29.05","29.35","29.00","29.10","+","0.05","29.10","2","29.15","1","11.15",
"2201","裕隆","71,369,496","33,019","4,268,927,571","57.50","62.00","57.40","60.60","+","2.90","60.60","107","60.70","8","0.00",
"2204","中華","5,925,907","3,598","316,556,369","52.50","54.10","52.20","53.70","+","0.90","53.70","78","53.80","13","0.00",
"2206","三陽工業","1,465,801","968","53,172,916","36.40","36.70","36.10","36.10","-","0.20","36.10","13","36.15","2","9.68",
"2207","和泰車","277,618","413","175,806,074","626.00","637.00","625.00","637.00","+","5.00","632.00","4","637.00","4","0.00",
"2208","台船","3,060,044","1,633","56,768,920","18.50","18.85","18.35","18.35","-","0.05","18.35","5","18.40","4","0.00",
"2211","長榮鋼","134,871","142","7,066,131","52.40","52.80","52.00","52.00","-","0.40","52.00","29","52.20","17","9.12",
"2227","裕日車","71,737","411","14,815,500","208.50","209.00","203.00","207.00","-","2.00","205.00","4","208.50","3","22.45",
"2228","劍麟","277,573","223","21,733,571","79.60","79.60","77.90","77.90","-","1.60","77.90","6","78.00","7","15.27",
"2231","為升","383,902","331","55,551,133","145.50","147.00","143.00","143.50","-","0.50","143.50","6","144.00","7","31.68",
"2233","宇隆","58,480","80","5,656,273","96.80","97.10","96.30","96.40","-","0.80","96.30","2","96.50","1","9.22",
"2236","百達-KY","15,867","17","318,152","20.05","20.20","19.95","20.10"," ","0.00","20.00","1","20.15","2","15.83",
"2239","英利-KY","35,065","39","2,139,066","61.40","61.80","60.60","60.60","-","0.90","60.50","12","60.60","1","35.65",
"2241","艾姆勒","36,122","37","1,128,142","31.50","31.80","31.10","31.15","-","0.10","31.15","2","31.20","4","0.00",
"2243","宏旭-KY","6,000","6","77,400","13.00","13.05","12.80","12.85","-","0.05","12.80","4","12.90","2","0.00",
"2247","汎德永業","46,450","91","9,923,997","214.00","214.00","213.00","214.00","+","0.50","213.50","3","214.00","5","12.26",
"2250","IKKA-KY","41,107","51","2,887,197","70.20","70.70","69.90","70.00","-","0.70","70.00","5","70.20","1","20.77",
"2301","光寶科","8,604,997","4,436","557,091,263","65.30","65.50","64.30","64.50","-","1.60","64.40","210","64.50","42","11.52",
"2302","麗正","701,040","357","13,104,454","18.80","19.05","18.45","18.50","-","0.35","18.50","4","18.55","1","18.14",
"2303","聯電","33,919,263","13,923","1,555,022,015","46.05","46.15","45.70","45.80","-","0.40","45.80","227","45.85","381","6.80",
"2305","全友","3,598,992","1,823","102,924,226","29.05","29.35","28.00","28.30","-","0.55","28.25","2","28.30","34","74.47",
"2308","台達電","7,198,271","5,404","2,171,790,268","299.00","304.00","299.00","302.00"," ","0.00","301.50","8","302.00","5","25.29",
"2312","金寶","3,924,615","1,443","54,330,019","14.00","14.00","13.75","13.75","-","0.15","13.75","310","13.80","147","23.71",
"2313","華通","8,569,927","4,290","413,669,904","48.30","48.45","48.05","48.05","-","0.30","48.05","65","48.10","13","7.28",
"2314","台揚","1,378,019","885","51,488,610","38.00","38.30","36.90","36.90","-","1.20","36.90","19","36.95","1","0.00",
"2316","楠梓電","51,114","105","1,283,542","25.20","25.20","25.00","25.05","-","0.10","25.05","2","25.10","1","7.43",
"2317","鴻海","35,032,161","16,153","3,524,752,085","100.50","101.00","100.00","100.50","-","0.50","100.50","1,400","101.00","1,445","9.54",
"2321","東訊","3,289","10","16,482","5.00","5.01","5.00","5.01","-","0.05","5.00","1","5.39","1","41.75",
"2323","中環","2,024,261","835","14,355,312","7.08","7.12","7.07","7.07"," ","0.00","7.07","26","7.08","7","0.00",
"2324","仁寶","10,979,841","5,342","235,652,907","21.60","21.60","21.35","21.60","-","0.25","21.50","161","21.60","139","10.00",
"2327","國巨","1,591,859","3,563","712,875,049","452.00","454.50","443.00","445.00","-","7.00","445.00","3","446.00","7","7.97",
"2328","廣宇","1,041,222","669","35,403,513","34.35","34.45","33.65","33.65","-","0.50","33.65","10","33.75","29","13.90",
"2329","華泰","1,933,401","881","36,019,710","18.80","18.80","18.50","18.50","-","0.20","18.50","124","18.55","39","7.77",
"2330","台積電","41,461,805","34,399","20,594,790,238","494.00","498.00","494.00","498.00","+","2.00","498.00","1,761","498.50","531","14.56",
"2331","精英","776,550","500","17,189,670","22.25","22.50","22.00","22.00","-","0.25","22.00","6","22.05","23","11.70",
"2332","友訊","1,402,139","460","20,603,035","14.60","14.85","14.55","14.55","-","0.05","14.55","51","14.60","23","34.64",
"2337","旺宏","7,575,005","4,362","260,140,645","34.80","34.90","34.00","34.20","-","0.55","34.20","1","34.25","39","5.26",
"2338","光罩","10,234,104","6,597","818,276,962","79.20","81.70","78.60","79.80","+","0.10","79.80","59","79.90","29","56.20",
"2340","台亞","2,976,917","1,706","109,027,943","36.65","37.10","36.10","36.65"," ","0.00","36.55","16","36.65","17","30.04",
"2342","茂矽","2,231,945","1,426","85,779,535","37.60","38.80","37.60","38.55","+","1.05","38.50","22","38.55","40","10.34",
"2344","華邦電","8,324,064","3,438","181,044,056","21.85","22.00","21.60","21.65","-","0.25","21.65","87","21.70","301","5.19",
"2345","智邦","1,354,878","1,189","362,703,538","271.00","272.00","264.50","265.50","-","3.50","265.50","6","266.00","10","20.16",
"2347","聯強","6,290,481","3,940","366,903,196","59.00","59.20","57.80","57.80","-","1.00","57.80","247","58.00","6","5.90",
"2348","海悅","175,200","140","10,871,689","62.30","62.50","61.80","61.80","-","0.50","61.70","3","62.00","3","7.87",
"2348A","海悅甲特","0","0","0","--","--","--","--"," ","0.00","35.25","2","35.70","1","0.00",
"2349","錸德","666,921","267","4,956,094","7.47","7.48","7.40","7.40","-","0.06","7.40","37","7.43","6","0.00",
"2351","順德","2,574,205","1,597","258,126,465","98.40","101.50","98.00","100.50","+","2.30","100.50","35","101.00","168","18.41",
"2352","佳世達","3,017,412","1,391","85,485,512","28.55","28.75","28.15","28.20","-","0.30","28.20","154","28.25","1","6.25",
"2353","宏碁","6,571,353","3,073","162,464,502","24.85","25.00","24.55","24.55","-","0.30","24.55","340","24.60","27","9.13",
"2354","鴻準","1,939,605","1,183","96,837,093","50.00","50.10","49.60","49.95","+","0.10","49.90","40","49.95","9","16.49",
"2355","敬鵬","2,344,010","1,241","73,002,969","31.95","32.10","30.70","30.75","-","1.20","30.75","55","30.80","10","38.92",
"2356","英業達","11,738,563","4,743","278,791,713","23.85","24.00","23.60","24.00","-","0.40","23.90","70","24.00","415","13.87",
"2357","華碩","4,379,325","6,903","1,168,973,434","270.00","271.50","265.00","265.00","-","2.50","265.00","92","265.50","13","6.44",
"2358","廷鑫","1,204,689","613","18,345,053","15.15","15.45","15.05","15.05","-","0.10","15.05","1","15.10","9","21.20",
"2359","所羅門","828,956","482","20,124,960","24.35","24.55","24.05","24.05","-","0.30","24.05","33","24.10","1","7.45",
"2360","致茂","557,433","1,064","104,050,677","188.50","191.00","185.00","185.00","-","5.00","185.00","39","185.50","2","16.00",
"2362","藍天","126,610","106","4,006,608","32.00","32.00","31.55","31.70","-","0.15","31.70","4","31.80","8","14.61",
"2363","矽統","984,669","566","16,731,456","17.05","17.15","16.85","16.90","-","0.10","16.90","10","16.95","30","24.49",
"2364","倫飛","6,945,509","5,835","872,366,085","121.00","129.50","121.00","121.50","+","1.50","121.50","32","122.00","1","39.07",
"2365","昆盈","271,862","121","2,725,400","9.99","10.20","9.99","10.00","-","0.15","10.00","17","10.05","24","28.57",
"2367","燿華","10,573,686","3,967","199,398,535","19.15","19.25","18.60","18.65","-","0.30","18.60","294","18.65","33","39.68",
"2368","金像電","13,516,572","8,498","1,354,070,517","103.00","103.00","98.00","100.00","-","0.50","100.00","128","100.50","218","10.94",
"2369","菱生","574,875","398","8,072,699","14.10","14.30","13.90","13.95","-","0.20","13.90","29","13.95","5","10.98",
"2371","大同","4,120,369","1,435","131,778,437","32.15","32.20","31.70","31.85","-","0.35","31.80","20","31.85","31","6.49",
"2373","震旦行","58,450","66","4,571,773","78.30","78.40","78.00","78.40","-","0.20","78.20","2","78.50","6","13.18",
"2374","佳能","420,873","276","9,124,778","21.75","21.90","21.50","21.50","-","0.25","21.50","31","21.55","3","36.44",
"2375","凱美","479,772","540","27,824,339","57.50","58.80","57.40","57.40","+","0.20","57.30","8","57.40","1","7.94",
"2376","技嘉","18,581,817","11,156","2,028,340,448","107.50","112.00","106.50","107.50","+","0.50","107.50","21","108.00","161","7.66",
"2377","微星","4,295,409","2,665","540,431,473","124.00","127.50","123.50","125.00","+","1.50","124.50","100","125.00","97","7.94",
"2379","瑞昱","7,995,094","6,883","2,685,432,918","344.50","348.00","330.50","330.50","-","12.50","330.00","125","330.50","116","9.07",
"2380","虹光","1,959,378","881","24,636,396","12.95","13.05","12.35","12.40","-","0.55","12.40","13","12.45","8","0.00",
"2382","廣達","7,441,387","4,342","530,684,351","72.30","72.30","71.00","71.00","-","1.10","71.00","65","71.10","15","9.35",
"2383","台光電","2,762,553","3,079","506,109,596","187.00","188.00","180.00","180.00","-","6.50","180.00","61","180.50","29","11.52",
"2385","群光","811,827","709","66,485,187","81.70","82.30","81.50","81.60","+","0.20","81.60","6","81.90","6","8.00",
"2387","精元","495,156","284","20,173,712","40.60","40.95","40.50","40.80","+","0.05","40.80","24","40.85","1","6.00",
"2388","威盛","19,247,189","11,766","1,348,998,705","72.20","72.30","68.40","68.60","-","3.30","68.60","490","68.70","1","11.23",
"2390","云辰","873,431","567","11,856,814","13.50","13.75","13.40","13.45","+","0.15","13.45","11","13.50","19","0.00",
"2392","正崴","4,940,994","2,747","183,081,383","36.75","37.60","36.30","36.35","+","0.10","36.35","34","36.50","4","12.20",
"2393","億光","351,005","274","13,013,424","37.45","37.45","36.95","37.05","-","0.05","37.00","10","37.05","3","10.62",
"2395","研華","549,795","1,618","175,209,324","322.50","323.50","315.50","317.50","-","3.50","317.50","3","319.00","6","23.55",
"2397","友通","11,022","15","644,805","58.60","58.60","58.30","58.30","-","0.90","58.60","2","58.90","3","8.25",
"2399","映泰","2,513,196","1,148","35,629,838","14.05","14.45","13.90","13.90","-","0.10","13.90","29","13.95","5","17.38",
"2401","凌陽","1,529,314","1,182","37,895,354","25.00","25.15","24.55","24.55","-","0.50","24.55","1","24.60","34","19.96",
"2402","毅嘉","5,478,702","1,997","99,879,102","17.85","18.45","17.80","18.10","+","0.15","18.10","25","18.15","66","19.67",
"2404","漢唐","404,373","941","70,905,724","176.00","176.50","174.50","174.50","-","1.00","174.50","30","175.00","13","8.63",
"2405","輔信","1,475,534","544","18,769,236","12.75","12.85","12.60","12.60","-","0.05","12.60","6","12.65","18","17.03",
"2406","國碩","1,075,538","775","19,745,909","18.40","18.60","18.15","18.15","-","0.25","18.10","14","18.15","5","0.00",
"2408","南亞科","6,584,183","3,104","394,240,891","60.30","60.60","59.40","59.70","-","0.20","59.70","177","59.80","9","8.33",
"2409","友達","38,558,194","9,926","630,438,232","16.30","16.55","16.20","16.30"," ","0.00","16.30","2,169","16.35","456","0.00",
"2412","中華電","20,032,864","7,890","2,244,946,967","110.00","114.00","110.00","112.50","+","2.50","112.00","1,962","112.50","499","23.78",
"2413","環科","2,453,836","1,316","66,920,437","27.70","28.00","27.05","27.05","-","0.65","27.05","6","27.10","8","14.86",
"2414","精技","81,532","68","2,527,684","30.95","31.25","30.85","31.05","+","0.05","31.00","1","31.05","3","9.32",
"2415","錩新","79,510","68","1,793,018","22.80","22.80","22.45","22.50","-","0.30","22.50","2","22.55","2","35.16",
"2417","圓剛","4,441,568","2,171","105,500,606","22.35","24.30","22.35","24.30","+","2.20","24.30","10,744","--","0","86.79",
"2419","仲琦","2,970,738","1,511","76,128,177","25.30","25.90","25.30","25.45","+","0.15","25.45","4","25.50","8","21.94",
"2420","新巨","88,978","92","3,477,165","39.15","39.15","39.00","39.05","-","0.05","39.05","3","39.10","6","8.68",
"2421","建準","881,233","881","39,956,875","45.40","45.90","44.90","44.90","-","0.50","44.85","5","44.90","4","11.45",
"2423","固緯","19,800","29","534,604","27.15","27.15","26.85","26.85","-","0.30","26.85","1","26.90","9","9.98",
"2424","隴華","44,959","48","907,789","21.05","21.35","21.00","21.35","+","1.00","19.85","2","21.05","2","0.00",
"2425","承啟","474,715","226","13,067,565","27.60","27.75","27.35","27.35","-","0.20","27.35","4","27.40","5","6.94",
"2426","鼎元","364,056","244","6,402,150","17.50","17.80","17.40","17.40","-","0.20","17.40","12","17.50","1","12.99",
"2427","三商電","191,802","82","2,242,650","11.75","11.75","11.65","11.70","+","0.05","11.70","7","11.75","17","9.75",
"2428","興勤","162,833","169","19,256,018","118.50","119.50","117.50","117.50","-","0.50","117.50","7","118.00","6","9.63",
"2429","銘旺科","6,112","6","61,111","9.96","10.05","9.96","10.05","+","0.05","9.97","2","10.00","1","0.00",
"2430","燦坤","49,528","85","2,063,897","41.65","41.80","41.60","41.60","+","0.10","41.60","1","41.65","4","7.29",
"2431","聯昌","79,801","49","824,822","10.35","10.40","10.25","10.25","-","0.05","10.25","13","10.30","2","0.00",
"2433","互盛電","3,120","6","149,714","47.95","48.00","47.95","48.00"," ","0.00","47.80","2","48.00","4","12.44",
"2434","統懋","4,115","5","124,982","30.40","30.60","30.00","30.00","+","0.10","30.10","1","30.45","1","0.00",
"2436","偉詮電","2,746,802","2,200","127,126,327","47.25","47.25","45.65","45.65","-","1.15","45.60","38","45.65","5","25.08",
"2438","翔耀","39,613","34","516,913","13.05","13.20","13.00","13.20","+","0.15","13.05","9","13.25","7","0.00",
"2439","美律","1,009,294","783","86,819,922","86.50","87.30","85.10","85.10","-","1.20","85.10","22","85.30","7","11.39",
"2440","太空梭","132,438","89","1,638,703","12.45","12.50","12.30","12.30","-","0.25","12.30","14","12.40","6","0.00",
"2441","超豐","2,261,789","1,746","110,664,092","48.50","49.60","48.45","48.45","+","0.10","48.45","22","48.50","1","6.82",
"2442","新美齊","1,917,831","648","24,288,995","12.35","12.85","12.35","12.70","+","0.40","12.70","26","12.75","48","21.90",
"2443","昶虹","435,702","60","1,226,746","2.92","2.98","2.74","2.92"," ","0.00","2.92","1","2.93","5","0.00",
"2444","兆勁","688,660","327","9,089,888","13.00","13.45","12.95","13.30","+","0.35","13.25","2","13.30","9","12.91",
"2449","京元電子","2,607,551","1,739","91,873,533","35.40","35.45","35.05","35.05","-","0.40","35.05","51","35.10","7","6.15",
"2450","神腦","48,435","63","1,491,726","30.85","30.85","30.75","30.75","-","0.10","30.70","2","30.85","10","11.87",
"2451","創見","236,592","229","15,731,328","66.50","66.80","66.20","66.40","+","0.10","66.30","4","66.40","8","9.84",
"2453","凌群","64,082","50","1,599,293","24.95","25.15","24.80","24.85","-","0.10","24.85","1","24.90","1","10.40",
"2454","聯發科","5,847,844","6,457","4,263,799,460","729.00","736.00","723.00","727.00","-","1.00","727.00","140","728.00","30","8.92",
"2455","全新","14,548,829","10,208","1,176,530,670","81.60","82.00","79.50","80.60","-","0.10","80.50","30","80.60","60","21.32",
"2457","飛宏","36,968,179","19,194","1,535,255,263","39.35","42.70","38.80","42.30","+","3.45","42.25","17","42.30","168","0.00",
"2458","義隆","1,280,953","2,030","113,965,451","89.80","90.20","88.50","88.60","-","1.10","88.60","7","88.80","2","7.36",
"2459","敦吉","43,281","61","2,287,212","53.20","53.30","52.40","52.50","-","0.30","52.40","6","52.50","1","9.76",
"2460","建通","5,789,574","3,131","107,019,624","18.50","19.15","18.00","18.40","+","0.70","18.35","19","18.40","20","0.00",
"2461","光群雷","669,486","277","12,397,378","18.85","18.85","18.35","18.40","-","0.30","18.40","15","18.45","1","12.87",
"2462","良得電","2,600,583","1,495","70,653,672","27.60","27.80","26.45","27.80"," ","0.00","27.80","10","27.85","15","39.71",
"2464","盟立","161,624","127","6,084,902","37.60","37.85","37.55","37.60"," ","0.00","37.55","18","37.60","3","12.37",
"2465","麗臺","8,763,524","5,939","343,930,913","38.00","40.80","38.00","38.00","+","0.30","38.00","68","38.05","10","0.00",
"2466","冠西電","70,000","45","2,513,600","35.90","36.10","35.45","36.10","+","0.40","35.90","2","36.15","3","47.50",
"2467","志聖","48,094","116","2,193,046","45.80","45.80","45.40","45.45","-","0.20","45.40","9","45.45","1","9.51",
"2468","華經","6,862,687","4,236","206,525,948","29.35","30.90","29.30","29.30","-","0.05","29.30","23","29.35","18","34.88",
"2471","資通","207,204","142","5,676,342","27.95","27.95","27.25","27.30","-","0.35","27.25","6","27.30","1","8.03",
"2472","立隆電","189,662","150","10,572,601","56.40","56.40","55.50","55.50","-","0.50","55.50","13","55.60","2","6.97",
"2474","可成","5,029,660","14,384","898,277,068","179.50","180.00","176.50","180.00","-","0.50","179.00","37","180.00","230","9.19",
"2476","鉅祥","1,064,998","651","50,164,275","47.05","47.50","46.55","46.55","-","0.30","46.55","32","46.60","4","10.46",
"2478","大毅","60,758","98","2,681,898","44.00","44.55","43.85","43.85","-","0.50","43.85","1","43.90","2","8.15",
"2480","敦陽科","76,153","104","6,201,401","80.80","81.60","80.80","81.50","+","0.50","81.50","6","81.60","2","11.43",
"2481","強茂","3,013,939","2,180","183,421,517","61.00","61.50","60.20","60.40","-","0.30","60.30","62","60.50","25","11.23",
"2482","連宇","12,975,364","6,224","336,636,335","25.50","26.65","25.15","25.20","+","0.20","25.20","73","25.25","6","11.35",
"2483","百容","280,595","150","6,805,705","24.30","24.40","24.10","24.20","-","0.10","24.20","17","24.25","2","14.58",
"2484","希華","1,665,823","996","58,944,993","35.70","35.85","35.05","35.05","-","0.70","35.05","27","35.10","1","7.05",
"2485","兆赫","551,869","326","9,733,994","17.65","17.80","17.50","17.50","-","0.15","17.50","10","17.55","6","0.00",
"2486","一詮","9,636,012","4,092","198,505,590","18.85","21.05","18.85","21.05","+","1.90","21.05","11,510","--","0","36.93",
"2488","漢平","106,110","77","3,092,064","29.15","29.20","29.10","29.10","-","0.15","29.05","17","29.10","13","7.95",
"2489","瑞軒","1,770,041","956","17,763,357","10.00","10.10","9.96","10.05","+","0.09","10.00","7","10.05","88","0.00",
"2491","吉祥全","180,174","29","2,272,089","12.60","12.75","12.60","12.60"," ","0.00","12.55","3","12.60","17","0.00",
"2492","華新科","833,150","979","71,502,161","86.60","86.70","85.20","85.20","-","1.20","85.20","73","85.30","1","13.40",
"2493","揚博","165,297","91","6,982,914","42.25","42.25","42.15","42.25"," ","0.00","42.20","17","42.30","12","8.75",
"2495","普安","2,567,691","1,159","49,179,409","19.05","19.35","18.90","19.05","+","0.15","19.00","82","19.05","43","22.95",
"2496","卓越","8,002","8","371,592","46.40","46.45","46.40","46.45","+","0.10","46.30","1","46.45","2","12.73",
"2497","怡利電","3,666,877","2,548","272,615,684","73.60","75.30","73.40","73.50","+","0.10","73.50","27","73.60","2","25.52",
"2498","宏達電","12,599,533","5,871","671,960,172","53.70","53.90","52.60","52.70","-","0.70","52.70","176","52.80","43","0.00",
"2501","國建","532,877","310","8,233,680","15.50","15.60","15.35","15.35","-","0.10","15.35","5","15.40","2","15.05",
"2504","國產","1,222,814","510","30,805,104","25.25","25.35","25.05","25.05","-","0.15","25.05","70","25.10","10","6.94",
"2505","國揚","85,904","55","1,641,584","19.10","19.15","19.05","19.05","-","0.05","19.05","18","19.10","7","10.41",
"2506","太設","197,967","111","1,849,808","9.39","9.39","9.30","9.32","-","0.03","9.31","1","9.34","1","4.78",
"2509","全坤建","40,053","67","580,537","14.65","14.65","14.40","14.55","+","0.10","14.50","1","14.55","2","0.00",
"2511","太子","320,122","194","3,420,045","10.70","10.75","10.60","10.70"," ","0.00","10.65","4","10.70","38","12.16",
"2514","龍邦","136,875","34","2,313,290","16.85","17.00","16.80","16.85"," ","0.00","16.80","2","16.95","2","18.93",
"2515","中工","1,717,925","531","14,104,430","8.19","8.24","8.18","8.19"," ","0.00","8.19","24","8.20","79","4.22",
"2516","新建","242,849","170","1,216,475","5.06","5.08","4.96","5.08","+","0.08","5.08","1","5.09","6","0.00",
"2520","冠德","350,670","239","9,740,973","27.70","27.95","27.55","27.65","-","0.10","27.60","4","27.65","6","5.64",
"2524","京城","26,301","59","909,633","34.50","35.00","34.30","34.40","-","0.70","34.30","14","34.35","2","12.29",
"2527","宏璟","139,545","114","2,922,877","20.90","21.05","20.85","20.85"," ","0.00","20.85","3","20.95","4","9.48",
"2528","皇普","33,147","16","586,946","17.85","17.85","17.65","17.80","-","0.05","17.80","1","17.90","50","13.69",
"2530","華建","770,788","451","14,486,535","18.90","19.00","18.70","18.70","-","0.30","18.65","63","18.85","7","267.14",
"2534","宏盛","854,993","515","21,747,198","25.50","25.60","25.25","25.25","-","0.35","25.25","43","25.35","3","10.31",
"2535","達欣工","212,475","172","6,422,270","30.20","30.30","30.15","30.25","+","0.05","30.20","2","30.25","26","8.47",
"2536","宏普","163,785","100","3,700,512","22.75","22.75","22.55","22.65"," ","0.00","22.55","84","22.65","3","0.00",
"2537","聯上發","464,683","127","3,290,243","7.09","7.10","7.05","7.06","-","0.02","7.05","22","7.06","10","12.61",
"2538","基泰","307,420","98","3,829,561","12.50","12.50","12.40","12.40","-","0.10","12.40","6","12.45","54","17.97",
"2539","櫻花建","311,792","260","10,067,311","32.45","32.45","32.10","32.10","-","0.30","32.10","3","32.35","14","12.11",
"2540","愛山林","720,907","500","56,799,374","76.20","81.30","75.30","79.80","+","4.10","79.80","7","79.90","1","25.66",
"2542","興富發","3,480,812","5,465","155,518,784","44.90","44.95","44.55","44.55","-","0.35","44.50","156","44.60","37","31.60",
"2543","皇昌","96,001","44","815,148","8.52","8.54","8.45","8.51","+","0.01","8.48","2","8.51","10","3.87",
"2545","皇翔","247,207","184","10,375,196","42.00","42.60","41.65","41.80","-","0.25","41.80","3","41.90","10","4.31",
"2546","根基","309,060","194","15,572,310","49.30","51.00","49.30","50.20","+","0.90","49.95","2","50.20","5","7.83",
"2547","日勝生","401,052","213","3,726,712","9.29","9.36","9.27","9.29","+","0.02","9.29","2","9.30","37","30.97",
"2548","華固","226,197","298","19,930,792","88.00","88.30","87.90","88.00","-","0.10","88.00","1","88.10","4","5.71",
"2597","潤弘","202,018","490","21,421,458","104.50","107.50","104.00","107.50","+","2.50","107.50","3","108.00","23","9.57",
"2601","益航","1,980,663","835","16,694,445","8.40","8.49","8.36","8.37"," ","0.00","8.37","7","8.38","31","64.38",
"2603","長榮","40,026,500","20,472","6,498,750,034","161.00","165.00","159.50","160.50","-","0.50","160.50","979","161.00","35","0.88",
"2605","新興","6,492,152","2,945","129,355,313","19.60","20.25","19.60","19.95","+","0.50","19.90","104","19.95","13","52.50",
"2606","裕民","19,610,930","11,614","900,895,173","44.90","47.00","44.50","46.50","+","2.00","46.50","39","46.55","24","6.97",
"2607","榮運","6,734,633","3,010","190,040,184","27.95","28.45","27.85","28.15","+","0.35","28.15","38","28.20","33","8.99",
"2608","嘉里大榮","195,063","255","7,276,265","37.00","37.45","37.00","37.20","+","0.20","37.15","5","37.20","4","12.92",
"2609","陽明","48,600,259","24,204","3,176,952,041","64.80","66.00","64.30","64.90","+","0.30","64.90","445","65.00","787","1.02",
"2610","華航","42,636,512","11,228","746,477,009","17.45","17.70","17.35","17.35"," ","0.00","17.35","759","17.40","184","9.13",
"2611","志信","1,400,579","600","18,620,539","13.10","13.50","12.95","13.25","+","0.20","13.20","12","13.25","20","0.00",
"2612","中航","847,685","675","30,936,835","36.35","36.85","36.05","36.40","+","0.55","36.35","2","36.40","1","8.77",
"2613","中櫃","789,581","467","17,413,174","21.75","22.40","21.65","21.70","-","0.05","21.70","16","21.75","9","13.15",
"2614","東森","1,558,249","1,215","31,976,418","20.40","20.65","20.30","20.40"," ","0.00","20.40","8","20.45","17","47.44",
"2615","萬海","24,236,602","14,294","1,842,624,535","75.40","77.30","74.80","74.90","-","0.50","74.90","365","75.00","12","1.65",
"2616","山隆","86,676","142","2,812,690","32.40","32.55","32.35","32.45","+","0.10","32.40","18","32.45","1","15.75",
"2617","台航","1,945,977","912","50,191,046","25.55","25.95","25.40","25.80","+","0.30","25.75","9","25.80","5","5.29",
"2618","長榮航","39,879,823","11,927","1,051,032,690","26.25","26.70","26.05","26.05","-","0.10","26.05","599","26.10","184","10.30",
"2630","亞航","71,335","56","1,205,094","16.95","16.95","16.80","16.90","-","0.05","16.85","6","16.90","12","105.62",
"2633","台灣高鐵","4,865,727","1,498","138,300,233","28.40","28.55","28.25","28.55","+","0.20","28.50","73","28.55","216","52.87",
"2634","漢翔","4,869,798","2,270","153,571,464","31.50","31.80","31.35","31.40"," ","0.00","31.35","147","31.40","3","18.92",
"2636","台驊投控","1,152,035","950","87,771,587","75.60","77.00","75.10","76.00","+","0.40","76.00","11","76.10","3","3.07",
"2637","慧洋-KY","13,415,126","7,738","817,275,748","60.20","61.60","59.70","60.70","+","0.90","60.70","309","60.80","163","3.59",
"2642","宅配通","153,243","267","6,925,000","45.25","45.70","44.50","44.60","-","0.40","44.60","3","44.85","1","23.23",
"2701","萬企","184,690","60","2,234,529","12.15","12.15","12.05","12.10","-","0.05","12.05","34","12.15","48","25.21",
"2702","華園","402,677","278","8,783,695","21.65","22.00","21.60","21.70","-","0.05","21.70","3","21.75","3","1.55",
"2704","國賓","69,103","59","2,135,977","30.90","31.00","30.80","30.95"," ","0.00","30.85","6","30.95","1","221.07",
"2705","六福","103,233","116","1,704,688","16.55","16.55","16.40","16.45","-","0.10","16.40","15","16.45","6","0.00",
"2706","第一店","219,185","108","3,123,156","14.25","14.30","14.15","14.25","+","0.05","14.20","32","14.25","26","25.00",
"2707","晶華","1,389,063","1,699","277,661,075","196.00","202.00","196.00","199.50","+","3.00","199.50","5","200.00","9","28.30",
"2712","遠雄來","3,001","4","99,633","33.10","33.45","33.05","33.45","+","0.10","33.25","1","33.35","1","557.50",
"2722","夏都","59,141","31","1,952,596","32.80","33.40","32.80","32.90","+","0.10","32.75","4","33.00","3","21.36",
"2723","美食-KY","606,136","498","68,324,007","114.50","115.00","111.00","111.00","-","2.50","111.00","35","111.50","12","37.50",
"2727","王品","679,681","2,054","101,815,652","151.00","152.50","148.00","148.50","-","3.50","148.50","13","149.00","12","42.80",
"2731","雄獅","524,383","724","49,905,931","95.00","96.20","94.10","94.10","-","0.60","94.10","6","94.50","1","0.00",
"2739","寒舍","122,206","90","3,304,558","26.85","27.35","26.75","27.15","+","0.40","27.05","2","27.25","2","0.00",
"2748","雲品","307,706","256","15,618,708","50.20","51.40","50.00","50.20"," ","0.00","50.20","27","50.40","4","29.88",
"2753","八方雲集","1,148,062","4,214","231,168,616","206.50","209.00","196.50","196.50","-","8.00","196.50","6","197.00","1","20.26",
"2801","彰銀","8,099,015","1,887","139,313,171","17.25","17.25","17.15","17.25"," ","0.00","17.20","160","17.25","169","17.25",
"2809","京城銀","989,556","902","34,730,658","35.10","35.35","34.85","35.00","-","0.10","34.90","8","35.00","4","47.95",
"2812","台中銀","2,694,924","1,400","35,056,522","13.00","13.05","12.95","13.05"," ","0.00","13.00","846","13.05","469","11.97",
"2816","旺旺保","234,172","85","3,535,284","15.15","15.15","15.05","15.05","-","0.20","15.00","27","15.05","38","0.00",
"2820","華票","439,979","994","6,518,847","14.90","14.90","14.75","14.85","-","0.05","14.80","8","14.85","23","14.85",
"2832","台產","65,588","66","1,334,132","20.40","20.45","20.30","20.35"," ","0.00","20.30","4","20.35","18","6.67",
"2834","臺企銀","32,313,953","8,202","408,945,151","12.65","12.70","12.60","12.60","-","0.05","12.60","1,922","12.65","335","12.23",
"2836","高雄銀","266,583","160","3,409,332","12.85","12.90","12.70","12.75","-","0.10","12.70","47","12.75","2","15.74",
"2836A","高雄銀甲特","6,000","3","130,950","21.85","21.85","21.80","21.80","X","0.00","21.80","7","22.00","2","0.00",
"2838","聯邦銀","646,929","457","10,571,105","16.45","16.45","16.25","16.25","-","0.20","16.25","8","16.30","24","18.90",
"2838A","聯邦銀甲特","131,517","116","6,583,933","50.00","50.20","50.00","50.20","+","0.10","50.20","1","50.30","13","0.00",
"2845","遠東銀","3,894,597","1,072","42,673,182","10.95","11.00","10.90","10.95"," ","0.00","10.95","243","11.00","1,232","13.35",
"2849","安泰銀","50,666","36","751,650","14.85","14.85","14.75","14.75","-","0.10","14.75","1","14.80","1","13.92",
"2850","新產","232,222","184","11,296,542","48.50","48.90","48.30","48.90","+","0.30","48.80","4","48.90","10","7.62",
"2851","中再保","1,438,521","770","27,460,005","19.45","19.45","18.95","19.15","-","0.20","19.10","6","19.15","15","23.07",
"2852","第一保","177,986","89","2,726,250","15.35","15.35","15.30","15.30","-","0.05","15.25","37","15.30","11","7.46",
"2855","統一證","791,324","374","12,829,465","16.05","16.30","16.05","16.20","+","0.10","16.20","47","16.25","63","20.51",
"2867","三商壽","8,971,814","1,812","49,803,733","5.55","5.60","5.52","5.53","-","0.01","5.52","385","5.53","2","0.00",
"2880","華南金","12,162,053","3,238","270,312,129","22.30","22.35","22.10","22.25","-","0.10","22.25","77","22.30","381","18.39",
"2881","富邦金","21,259,126","10,688","1,228,652,623","57.70","58.20","57.20","57.90","+","0.20","57.90","58","58.00","463","6.14",
"2881A","富邦特","54,221","28","3,255,160","60.00","60.10","59.90","59.90","-","0.10","59.90","10","60.10","32","0.00",
"2881B","富邦金乙特","17,303","12","985,439","57.00","57.30","56.80","57.20","+","0.10","56.80","3","57.00","1","0.00",
"2881C","富邦金丙特","3,989","24","218,361","54.70","54.90","54.70","54.90"," ","0.00","54.70","8","54.80","1","0.00",
"2882","國泰金","23,692,538","7,457","1,011,572,240","42.55","43.00","42.45","42.55"," ","0.00","42.55","3,285","42.60","4","8.70",
"2882A","國泰特","99,221","58","5,644,117","56.80","57.00","56.80","56.80"," ","0.00","56.80","72","56.90","14","0.00",
"2882B","國泰金乙特","84,043","29","4,631,865","55.20","55.30","55.10","55.30"," ","0.00","55.00","40","55.30","16","0.00",
"2883","開發金","48,945,562","9,561","635,375,106","12.85","13.10","12.80","12.90"," ","0.00","12.90","465","12.95","440","7.50",
"2883B","開發金乙特","944,968","254","7,154,522","7.58","7.59","7.56","7.58","-","0.02","7.57","28","7.58","70","0.00",
"2884","玉山金","30,260,284","9,299","726,924,578","24.15","24.20","23.85","24.15","-","0.10","24.10","190","24.15","877","21.18",
"2885","元大金","15,892,618","8,182","351,661,432","22.15","22.30","22.00","22.05","-","0.25","22.05","506","22.10","61","10.55",
"2886","兆豐金","17,097,201","8,409","536,574,879","31.45","31.65","31.20","31.35","-","0.30","31.35","24","31.40","386","22.23",
"2887","台新金","16,342,344","5,218","241,498,559","14.75","14.85","14.65","14.85","+","0.05","14.80","310","14.85","1,713","17.89",
"2887E","台新戊特","171,134","104","8,414,640","49.40","49.40","49.10","49.10","-","0.30","49.10","1","49.15","4","0.00",
"2887F","台新戊特二","38,254","35","1,735,155","45.40","45.40","45.35","45.40","+","0.05","45.35","1","45.40","39","0.00",
"2887Z1","台新己特","8,711","14","143,835","16.50","16.55","16.50","16.55"," ","0.00","16.50","16","16.55","8","0.00",
"2888","新光金","22,206,831","3,423","193,238,461","8.71","8.73","8.67","8.71","-","0.02","8.70","345","8.71","1,055","12.10",
"2888A","新光金甲特","17,112","16","605,082","35.35","35.40","35.30","35.40"," ","0.00","35.35","1","35.45","10","0.00",
"2888B","新光金乙特","81,587","40","2,884,071","35.35","35.35","35.35","35.35","-","0.05","35.30","41","35.40","45","0.00",
"2889","國票金","7,562,417","2,353","87,881,711","11.65","11.70","11.55","11.60","-","0.10","11.60","68","11.65","688","18.12",
"2890","永豐金","35,762,748","8,080","621,179,946","17.30","17.50","17.20","17.50","+","0.20","17.45","151","17.50","1,026","12.15",
"2891","中信金","24,710,931","8,021","555,058,569","22.40","22.60","22.30","22.40","-","0.05","22.40","1,017","22.45","17","11.20",
"2891B","中信金乙特","500","1","29,500","--","--","--","--"," ","0.00","58.60","5","58.90","2","0.00",
"2891C","中信金丙特","1,032","4","60,984","59.10","59.10","59.10","59.10","X","0.00","58.10","6","59.10","2","0.00",
"2892","第一金","17,659,442","5,098","454,614,955","25.55","25.90","25.50","25.90","+","0.30","25.85","9","25.90","973","17.38",
"2897","王道銀行","2,027,830","682","17,194,797","8.42","8.52","8.42","8.46","+","0.05","8.45","30","8.46","5","12.26",
"2897A","王道銀甲特","30,000","8","299,050","9.98","9.98","9.96","9.97","-","0.02","9.97","26","9.98","13","0.00",
"2901","欣欣","10,521","79","246,465","23.55","23.55","23.35","23.45","-","0.05","23.40","1","23.45","1","86.85",
"2903","遠百","341,569","266","6,693,068","19.70","19.80","19.50","19.50","-","0.15","19.50","114","19.55","2","16.96",
"2904","匯僑","27,538","34","534,579","19.20","19.55","19.20","19.35","-","0.15","19.30","4","19.45","1","15.48",
"2905","三商","329,104","226","4,934,267","15.10","15.10","14.85","15.00","-","0.05","15.00","6","15.05","23","0.00",
"2906","高林","1,202,095","606","21,368,714","17.65","18.15","17.60","17.60","-","0.05","17.60","40","17.75","16","23.78",
"2908","特力","64,502","52","1,288,042","19.95","20.00","19.90","19.95","-","0.05","19.95","5","20.00","25","15.83",
"2910","統領","1,001","2","34,283","34.25","34.25","34.25","34.25","+","0.65","33.65","2","34.00","1","51.89",
"2911","麗嬰房","49,640","196","314,219","6.35","6.35","6.31","6.31","-","0.01","6.32","1","6.33","3","0.00",
"2912","統一超","971,177","788","257,648,087","265.50","266.50","264.50","265.00"," ","0.00","265.00","328","265.50","15","28.59",
"2913","農林","942,999","346","21,164,125","22.50","22.60","22.30","22.30","-","0.15","22.30","46","22.35","1","0.00",
"2915","潤泰全","4,788,661","3,397","318,802,668","66.80","67.50","65.90","66.00","-","0.80","65.90","74","66.00","25","3.70",
"2923","鼎固-KY","3,574","21","80,584","22.60","22.60","22.50","22.50","-","0.65","21.65","1","22.55","1","60.81",
"2929","淘帝-KY","400,787","224","4,843,313","12.25","12.30","11.90","11.90","-","0.30","11.85","9","11.95","1","18.31",
"2939","凱羿-KY","1,449,162","243","56,664,756","39.90","40.85","38.55","39.05","+","0.25","39.05","1","39.25","15","83.09",
"2945","三商家購","17,422","27","718,542","41.50","41.50","41.00","41.50"," ","0.00","41.00","1","41.50","11","37.05",
"3002","歐格","152,060","85","1,756,043","11.50","11.65","11.50","11.55"," ","0.00","11.55","2","11.60","9","0.00",
"3003","健和興","697,996","663","51,499,154","73.10","74.30","73.10","73.10","-","0.50","73.10","7","73.20","9","11.25",
"3004","豐達科","132,431","200","8,939,937","68.00","68.90","66.70","66.70","-","1.80","66.70","3","67.00","1","40.67",
"3005","神基","881,932","677","36,858,186","41.75","42.15","41.50","41.50","-","0.20","41.50","11","41.55","16","11.22",
"3006","晶豪科","15,788,974","10,707","1,157,092,477","74.20","74.70","72.50","72.60","-","4.30","72.60","8","72.70","8","6.36",
"3008","大立光","600,357","4,849","1,370,031,065","2,330.00","2,335.00","2,255.00","2,260.00","-","65.00","2,255.00","29","2,260.00","14","12.71",
"3010","華立","135,295","253","11,665,701","86.00","86.50","85.80","86.40"," ","0.00","86.30","4","86.40","10","6.97",
"3011","今皓","905,108","356","15,012,378","16.30","16.90","16.30","16.50","+","0.25","16.50","10","16.55","13","17.37",
"3013","晟銘電","156,006","111","2,398,686","15.45","15.55","15.25","15.40","-","0.05","15.35","1","15.40","19","21.69",
"3014","聯陽","355,470","555","25,250,467","71.80","71.80","70.60","70.70","-","0.90","70.60","13","70.70","10","8.02",
"3015","全漢","38,184","49","1,463,347","38.45","38.45","38.15","38.40"," ","0.00","38.30","2","38.40","4","9.01",
"3016","嘉晶","604,500","568","47,190,767","78.80","79.00","77.40","77.60","-","1.10","77.50","19","77.60","4","31.54",
"3017","奇鋐","3,113,803","2,406","343,633,907","110.50","112.00","109.00","109.00","-","2.00","109.00","109","109.50","27","10.16",
"3019","亞光","719,258","583","45,874,247","64.30","64.50","63.20","63.40","-","0.70","63.40","7","63.50","11","14.15",
"3021","鴻名","154,917","112","3,237,735","21.20","21.20","20.75","20.75","-","0.40","20.70","15","20.75","3","12.50",
"3022","威強電","6,302,835","4,151","451,153,369","70.80","72.70","70.20","71.20","+","0.70","71.20","11","71.30","199","9.23",
"3023","信邦","312,793","325","85,596,019","273.00","275.00","272.00","274.00","+","1.50","274.00","1","274.50","14","23.64",
"3024","憶聲","1,318,605","523","17,782,323","13.35","13.65","13.35","13.40","+","0.05","13.40","31","13.45","18","47.86",
"3025","星通","1,213,137","718","27,507,275","23.25","23.30","22.35","22.35","-","0.90","22.35","21","22.40","6","15.41",
"3026","禾伸堂","117,230","121","10,578,747","90.60","90.60","90.10","90.30"," ","0.00","90.20","2","90.30","29","10.55",
"3027","盛達","4,229,302","2,012","110,442,537","26.20","26.65","25.75","25.75","-","0.45","25.70","99","25.75","2","61.31",
"3028","增你強","133,514","190","3,745,153","28.05","28.10","28.00","28.10"," ","0.00","28.05","3","28.10","19","7.94",
"3029","零壹","169,180","164","6,757,568","40.00","40.00","39.85","39.90","-","0.20","39.90","13","40.00","27","10.13",
"3030","德律","221,880","210","14,480,131","65.00","65.90","64.90","65.00","-","0.40","64.90","23","65.00","4","8.28",
"3031","佰鴻","198,862","137","3,132,610","15.95","15.95","15.60","15.65","-","0.25","15.65","5","15.70","4","14.76",
"3032","偉訓","132,081","78","3,871,310","29.25","29.60","29.05","29.10","+","0.10","29.05","2","29.10","1","9.77",
"3033","威健","685,061","452","18,421,749","26.90","27.00","26.80","26.80","-","0.10","26.80","8","26.85","6","6.04",
"3034","聯詠","3,861,194","6,031","1,146,184,339","302.00","302.50","294.00","294.50","-","7.50","294.50","22","295.00","16","5.14",
"3035","智原","17,735,411","11,787","3,015,343,772","172.00","173.50","167.50","167.50","-","4.50","167.00","396","167.50","110","17.29",
"3036","文曄","1,109,623","839","68,004,217","61.20","61.50","61.00","61.10"," ","0.00","61.10","9","61.20","8","7.25",
"3036A","文曄甲特","56,050","33","2,629,105","46.90","46.95","46.85","46.90"," ","0.00","46.85","1","46.90","8","0.00",
"3037","欣興","31,719,780","17,118","5,018,116,803","157.50","161.00","156.00","156.50","-","1.00","156.00","821","156.50","148","8.49",
"3038","全台","1,535,977","628","31,887,397","21.00","21.05","20.55","20.60","-","0.30","20.60","11","20.65","5","7.63",
"3040","遠見","5,000","5","148,950","29.80","29.80","29.75","29.80","-","0.05","29.75","1","29.80","9","18.28",
"3041","揚智","692,630","406","14,287,474","20.95","20.95","20.50","20.55","-","0.35","20.55","33","20.60","4","76.11",
"3042","晶技","511,042","493","41,911,748","83.00","83.00","81.60","81.60","-","0.90","81.60","9","81.80","7","8.28",
"3043","科風","413,805","158","2,478,391","6.09","6.09","5.96","5.96","-","0.04","5.96","1","5.97","6","10.84",
"3044","健鼎","770,986","693","74,197,259","95.40","96.70","95.40","96.00","+","0.70","96.00","7","96.30","3","8.33",
"3045","台灣大","3,425,948","2,658","320,935,192","93.40","94.10","93.20","94.10","+","0.80","94.00","63","94.10","55","24.07",
"3046","建碁","7,686,774","5,056","441,147,154","57.30","58.80","55.60","55.60","-","1.50","55.60","75","55.70","2","22.33",
"3047","訊舟","7,876,353","3,358","130,013,228","16.40","16.80","16.10","16.10","-","0.15","16.10","202","16.15","106","14.00",
"3048","益登","308,751","214","8,666,963","28.05","28.25","27.95","28.00"," ","0.00","27.95","19","28.00","17","6.93",
"3049","和鑫","1,476,937","579","13,857,320","9.37","9.46","9.32","9.32"," ","0.00","9.32","80","9.33","12","25.19",
"3050","鈺德","211,006","75","3,363,493","16.00","16.00","15.85","15.90"," ","0.00","15.90","20","16.00","6","34.57",
"3051","力特","626,272","406","12,282,109","19.65","20.00","19.40","19.50","-","0.05","19.50","3","19.55","5","7.04",
"3052","夆典","144,171","49","1,460,221","10.15","10.15","10.10","10.15","+","0.10","10.10","475","10.15","196","11.40",
"3054","立萬利","17,000","11","327,900","19.40","19.40","19.25","19.25","-","0.15","19.20","5","19.35","1","0.00",
"3055","蔚華科","181,523","339","4,555,319","25.40","25.40","24.90","24.95","-","0.45","24.95","9","25.00","2","0.00",
"3056","總太","1,659,226","835","51,758,996","31.60","31.70","30.80","31.25","-","0.35","31.25","12","31.30","57","5.56",
"3057","喬鼎","218,985","292","2,214,643","10.30","10.30","10.00","10.20","-","0.15","10.10","8","10.20","7","30.00",
"3058","立德","351,826","196","3,571,270","10.10","10.25","10.05","10.15","+","0.15","10.10","63","10.15","4","0.00",
"3059","華晶科","6,574,890","3,876","244,117,955","37.75","37.75","36.50","36.60","-","1.15","36.60","79","36.65","11","26.72",
"3060","銘異","119,142","148","2,012,382","16.90","17.00","16.80","16.80","-","0.05","16.80","20","16.85","5","13.02",
"3062","建漢","3,911,315","1,919","90,345,728","23.15","23.50","22.75","22.75","-","0.25","22.75","38","22.80","34","0.00",
"3090","日電貿","228,268","183","11,926,126","52.50","52.50","52.10","52.30"," ","0.00","52.20","2","52.30","17","6.35",
"3092","鴻碩","1,152,642","697","41,224,011","35.90","37.45","35.30","35.50","-","0.10","35.50","23","35.60","17","23.51",
"3094","聯傑","110,354","90","2,857,244","26.20","26.20","25.65","25.70","-","0.45","25.70","1","25.80","2","28.24",
"3130","一零四","11,306","178","2,161,213","191.00","191.00","191.00","191.00","-","1.00","191.00","1","191.50","1","13.50",
"3138","耀登","828,085","1,081","112,379,341","141.50","141.50","133.00","133.00","-","7.50","133.00","30","133.50","2","25.63",
"3149","正達","857,283","531","17,158,465","20.10","20.35","19.80","19.85","-","0.30","19.85","83","19.90","5","0.00",
"3164","景岳","80,321","77","1,780,588","22.15","22.50","22.05","22.10","-","0.05","22.05","3","22.15","4","21.88",
"3167","大量","72,571","87","3,137,280","43.40","43.50","43.00","43.00","-","0.35","43.00","1","43.05","1","8.53",
"3189","景碩","14,582,420","8,705","1,766,414,484","121.00","123.00","119.50","120.50","+","0.50","120.00","498","120.50","148","7.63",
"3209","全科","342,787","282","11,871,792","34.70","34.80","34.50","34.60","-","0.10","34.55","6","34.60","7","6.71",
"3229","晟鈦","46,001","20","896,870","19.50","19.55","19.35","19.50"," ","0.00","19.40","2","19.55","11","0.00",
"3231","緯創","4,172,249","2,195","113,784,032","27.35","27.40","27.20","27.25","-","0.10","27.20","136","27.25","10","6.22",
"3257","虹冠電","31,294","40","1,261,557","40.65","40.65","40.00","40.55","+","0.20","40.40","1","40.45","1","16.16",
"3266","昇陽","72,000","28","848,550","11.80","11.80","11.75","11.75","+","0.05","11.70","21","11.75","3","32.64",
"3296","勝德","1,096,353","672","18,570,698","17.25","17.30","16.75","16.80","-","0.45","16.80","67","16.85","4","0.00",
"3305","昇貿","1,079,283","772","44,938,775","42.40","42.60","40.95","41.00","-","0.65","40.95","26","41.00","10","7.33",
"3308","聯德","12,095","25","165,658","13.70","13.85","13.60","13.85","+","0.10","13.80","1","13.85","1","0.00",
"3311","閎暉","5,688","14","184,802","32.60","32.60","32.35","32.50","+","0.10","32.40","1","32.55","2","20.97",
"3312","弘憶股","193,880","151","3,562,628","18.35","18.50","18.30","18.40","+","0.05","18.35","1","18.40","20","7.08",
"3321","同泰","88,227","76","760,362","8.72","8.72","8.57","8.63","-","0.03","8.63","1","8.64","1","0.00",
"3338","泰碩","156,868","163","5,368,815","34.60","34.60","33.90","33.90","-","0.40","33.90","1","34.00","4","10.12",
"3346","麗清","406,548","277","13,069,754","32.60","32.60","31.70","31.70","-","0.65","31.70","8","31.75","1","0.00",
"3356","奇偶","10,424,989","6,746","453,987,628","42.60","45.10","41.90","41.95","-","0.75","41.95","40","42.00","9","27.60",
"3376","新日興","208,682","417","17,429,537","83.70","84.00","83.10","83.30","-","0.10","83.10","4","83.30","6","8.67",
"3380","明泰","1,291,611","841","38,386,426","30.20","30.20","29.50","29.50","-","0.50","29.50","31","29.55","5","20.34",
"3406","玉晶光","3,337,419","3,307","1,317,439,958","401.00","403.00","390.50","391.50","-","9.00","391.50","54","392.00","30","13.16",
"3413","京鼎","626,838","614","119,050,054","191.50","193.00","188.00","188.50","-","3.50","188.50","4","189.00","10","8.06",
"3416","融程電","113,395","124","9,390,393","83.70","83.70","82.50","82.60","-","0.60","82.60","1","82.70","5","14.39",
"3419","譁裕","2,241,254","1,041","43,597,256","19.65","19.80","19.10","19.30","-","0.25","19.30","5","19.35","32","58.48",
"3432","台端","1,115,432","620","24,097,035","21.95","22.25","21.20","21.35","-","0.60","21.35","2","21.40","20","8.57",
"3437","榮創","167,386","256","2,849,299","17.05","17.15","16.90","16.90","-","0.15","16.85","6","16.90","2","0.00",
"3443","創意","6,175,504","5,675","4,559,214,019","746.00","750.00","726.00","740.00","-","5.00","740.00","31","741.00","16","34.45",
"3450","聯鈞","197,298","169","7,700,586","38.95","39.40","38.85","38.95","+","0.05","38.90","5","38.95","1","19.57",
"3454","晶睿","15,989,988","12,377","2,899,884,602","176.00","189.50","174.00","174.00","-","1.00","174.00","120","174.50","14","28.38",
"3481","群創","34,332,315","5,888","430,012,970","12.45","12.60","12.40","12.50","+","0.05","12.45","1,929","12.50","69","0.00",
"3494","誠研","686,948","303","5,967,696","8.62","8.81","8.61","8.66","+","0.04","8.63","1","8.67","5","0.00",
"3501","維熹","142,989","211","6,962,811","48.80","49.00","48.50","48.80"," ","0.00","48.55","3","48.80","2","8.52",
"3504","揚明光","1,555,239","1,330","140,377,285","90.50","91.40","89.10","89.30","-","1.00","89.20","2","89.30","5","69.22",
"3515","華擎","5,053,200","3,415","672,566,652","125.50","136.50","125.50","136.50","+","12.00","136.50","16,369","--","0","9.66",
"3518","柏騰","832,415","521","18,194,999","20.55","22.45","20.50","22.45","+","2.00","22.45","29","--","0","172.69",
"3528","安馳","6,714","13","336,715","50.10","50.30","50.10","50.20","+","0.10","50.00","2","50.10","1","10.10",
"3530","晶相光","116,440","204","9,018,148","79.30","79.30","76.00","76.30","-","1.70","76.30","2","77.00","1","20.19",
"3532","台勝科","3,874,982","3,595","658,171,852","171.50","174.50","166.50","166.50","-","5.50","166.50","92","167.00","17","15.35",
"3533","嘉澤","747,264","1,304","658,484,764","886.00","890.00","870.00","886.00","-","9.00","886.00","9","887.00","4","16.25",
"3535","晶彩科","1,681,623","895","42,314,124","25.35","25.60","25.00","25.00","-","0.35","25.00","12","25.05","4","6.14",
"3536","誠創","33,423","19","123,977","3.79","3.79","3.61","3.75","-","0.03","3.75","11","3.76","1","0.00",
"3543","州巧","37,010","16","725,207","20.15","20.15","19.55","19.70","+","0.05","19.55","2","19.70","1","0.00",
"3545","敦泰","2,501,040","2,068","164,486,716","66.10","66.80","65.00","65.20","-","0.90","65.10","49","65.20","5","0.00",
"3550","聯穎","47,422","50","627,460","13.30","13.30","13.20","13.25","-","0.05","13.20","13","13.25","10","0.00",
"3557","嘉威","516,308","355","27,605,198","54.40","54.40","52.80","52.80","-","1.10","52.80","4","53.20","26","7.24",
"3563","牧德","235,875","352","32,780,378","139.00","141.50","137.00","137.00","-","1.00","137.00","1","138.00","4","9.35",
"3576","聯合再生","5,137,343","2,022","107,725,895","21.05","21.20","20.90","20.90","-","0.10","20.90","353","20.95","39","65.31",
"3583","辛耘","341,767","459","24,791,958","73.30","73.30","72.00","72.00","-","1.30","72.00","33","72.10","2","10.56",
"3588","通嘉","1,139,279","957","70,704,252","62.00","62.90","61.40","61.70","-","0.10","61.70","37","61.80","2","12.59",
"3591","艾笛森","1,554,016","907","25,871,697","16.50","17.00","16.45","16.50","-","0.30","16.50","1","16.55","10","27.97",
"3592","瑞鼎","876,243","1,065","267,907,635","310.00","311.00","303.00","303.00","-","7.00","302.50","46","303.00","2","4.92",
"3593","力銘","28,576","44","393,938","14.00","14.00","13.60","13.90","-","0.10","13.80","1","13.90","7","0.00",
"3596","智易","1,875,671","1,632","189,698,272","101.50","102.50","100.00","100.00","-","1.00","100.00","29","100.50","11","11.89",
"3605","宏致","301,353","220","9,364,127","31.35","31.45","30.90","30.90","-","0.40","30.90","5","30.95","4","9.45",
"3607","谷崧","89,010","55","1,065,272","12.00","12.00","11.95","12.00"," ","0.00","11.95","2","12.00","10","0.00",
"3617","碩天","162,830","156","17,396,274","107.50","108.50","105.50","105.50","-","1.50","105.00","29","105.50","7","11.58",
"3622","洋華","65,005","39","1,818,387","28.00","28.10","27.85","28.05","-","0.05","27.95","2","28.05","2","9.14",
"3645","達邁","359,290","288","11,389,385","31.80","32.10","31.40","31.45","-","0.55","31.45","1","31.50","1","17.19",
"3652","精聯","84,000","61","1,913,450","23.30","23.30","22.50","22.50","-","0.50","22.50","1","22.55","1","21.43",
"3653","健策","490,015","767","186,093,296","384.00","386.00","376.00","376.00","-","8.00","376.00","20","376.50","1","22.60",
"3661","世芯-KY","4,871,107","7,186","4,352,688,552","916.00","918.00","875.00","883.00","-","33.00","883.00","18","884.00","61","37.83",
"3665","貿聯-KY","1,448,169","1,490","363,764,397","253.00","255.00","249.00","249.00","-","4.00","248.50","49","249.00","2","11.18",
"3669","圓展","887,352","863","40,114,810","43.90","46.50","43.30","44.90","+","0.80","44.90","6","44.95","3","10.69",
"3673","TPK-KY","580,856","388","18,092,036","31.50","31.60","30.80","30.95","-","0.50","30.95","1","31.00","5","19.59",
"3679","新至陞","26,540","120","2,435,243","92.40","92.50","91.50","91.80","-","0.60","91.70","1","92.00","2","6.83",
"3682","亞太電","2,589,879","693","16,080,476","6.15","6.24","6.15","6.22","+","0.07","6.22","64","6.23","8","0.00",
"3686","達能","190,544","168","2,381,046","12.55","12.60","12.40","12.45","-","0.10","12.45","2","12.50","8","19.76",
"3694","海華","331,000","220","6,908,950","20.55","21.25","20.55","20.60"," ","0.00","20.60","1","20.70","1","9.32",
"3701","大眾控","387,328","283","15,111,603","39.70","39.70","38.30","38.30","-","0.90","38.30","10","38.40","1","20.82",
"3702","大聯大","4,040,709","2,108","190,187,286","47.20","47.45","46.80","46.90","-","0.30","46.90","154","46.95","1","7.47",
"3702A","大聯大甲特","147,087","150","6,924,939","47.15","47.25","47.00","47.15","+","0.10","47.10","1","47.15","7","0.00",
"3703","欣陸","1,351,612","834","39,121,355","28.75","29.25","28.65","28.85","+","0.20","28.85","11","28.90","56","6.82",
"3704","合勤控","12,932,458","7,637","428,712,281","31.95","33.80","31.90","33.55","+","1.70","33.55","14","33.60","142","9.78",
"3705","永信","189,530","140","7,618,792","40.05","40.40","40.00","40.20","+","0.15","40.15","7","40.20","8","11.10",
"3706","神達","2,381,886","1,108","69,876,553","29.30","29.40","29.25","29.30"," ","0.00","29.30","121","29.35","100","3.45",
"3708","上緯投控","1,965,386","1,570","189,827,924","96.10","97.50","95.20","96.30","+","0.70","96.20","18","96.30","29","10.51",
"3711","日月光投控","10,453,961","6,927","1,005,338,237","96.00","96.60","95.30","96.10","-","0.30","96.10","259","96.20","33","5.34",
"3712","永崴投控","168,687","137","4,396,403","25.90","26.40","25.75","25.75","-","0.25","25.75","2","25.80","5","9.87",
"3714","富采","2,730,546","1,980","126,754,628","46.50","46.95","45.90","45.95","-","0.55","45.95","30","46.00","23","28.02",
"3715","定穎投控","405,249","250","6,947,390","17.25","17.30","17.00","17.00","-","0.20","17.00","58","17.05","3","0.00",
"4104","佳醫","235,219","239","14,977,000","64.00","64.00","63.30","63.50","-","0.50","63.50","17","63.70","1","13.80",
"4106","雃博","169,943","177","4,211,320","24.90","25.10","24.60","24.60","-","0.25","24.60","14","24.65","1","16.62",
"4108","懷特","508,259","332","9,686,232","18.90","19.40","18.65","19.00","+","0.40","19.00","8","19.15","5","0.00",
"4119","旭富","2,571,657","2,601","247,868,448","97.70","99.30","93.90","93.90","-","5.00","93.90","5","94.00","8","42.49",
"4133","亞諾法","862,508","778","32,884,857","38.50","39.10","37.30","37.30","-","1.30","37.30","15","37.40","1","36.57",
"4137","麗豐-KY","113,544","118","19,508,909","171.50","174.00","170.00","171.00","-","0.50","171.00","1","171.50","1","16.47",
"4142","國光生","956,658","597","35,260,218","36.95","37.30","36.50","36.60","-","0.20","36.60","7","36.65","11","29.76",
"4148","全宇生技-KY","266,605","225","16,063,641","60.50","61.50","59.10","59.10","-","1.20","59.10","5","59.30","1","9.43",
"4155","訊映","764,930","313","20,058,891","26.35","26.40","26.10","26.10","-","0.20","26.10","22","26.15","15","16.95",
"4164","承業醫","863,723","702","38,275,503","44.25","45.10","43.50","43.50","-","0.50","43.50","38","43.55","8","17.19",
"4190","佐登-KY","61,115","67","4,191,680","69.00","69.20","68.00","69.10"," ","0.00","68.70","2","69.10","6","34.21",
"4306","炎洲","355,891","217","5,175,099","14.55","14.65","14.50","14.50","-","0.05","14.45","47","14.50","1","9.48",
"4426","利勤","339,425","225","8,087,760","23.60","24.15","23.45","24.05","+","0.60","24.05","6","24.10","5","0.00",
"4438","廣越","315,594","256","37,871,653","122.00","122.00","119.00","119.50","-","2.50","119.50","5","120.00","18","8.81",
"4439","冠星-KY","12,067","16","1,217,819","101.50","101.50","100.00","101.50","-","0.50","101.00","1","101.50","1","9.11",
"4440","宜新實業","36,355","25","1,224,397","33.55","33.80","33.55","33.80"," ","0.00","33.75","1","33.80","7","10.00",
"4526","東台","43,249","79","602,507","13.90","14.00","13.90","13.95","+","0.05","13.90","17","13.95","14","26.32",
"4532","瑞智","229,489","155","3,720,246","16.30","16.30","16.15","16.15","-","0.15","16.15","15","16.20","2","13.80",
"4536","拓凱","540,364","493","93,497,855","174.50","176.00","171.00","171.00","-","3.50","171.00","5","171.50","2","7.35",
"4540","全球傳動","80,014","57","2,868,256","36.15","36.20","35.55","35.80","-","0.20","35.80","3","35.90","2","11.08",
"4545","銘鈺","4,000","3","111,950","28.00","28.00","27.95","28.00","-","0.15","27.90","2","28.00","3","11.62",
"4551","智伸科","602,073","537","96,877,779","161.00","162.50","159.00","159.50","+","0.50","159.00","30","159.50","6","13.29",
"4552","力達-KY","48,318","49","1,405,540","29.50","29.50","28.85","29.20","-","0.10","29.10","1","29.20","2","7.98",
"4555","氣立","11,000","10","550,400","50.00","50.10","49.95","50.10"," ","0.00","50.00","2","50.10","1","18.22",
"4557","永新-KY","81,100","72","8,379,923","104.00","105.00","102.00","102.00","-","1.50","102.00","6","102.50","14","8.30",
"4560","強信-KY","81,000","61","3,090,900","38.40","38.40","38.00","38.40"," ","0.00","38.40","97","38.45","2","9.67",
"4562","穎漢","186,100","96","2,900,984","15.80","15.85","15.45","15.60","-","0.20","15.60","2","15.65","1","0.00",
"4564","元翎","173,575","140","4,184,043","23.90","24.35","23.80","23.90","+","0.05","23.80","5","23.90","1","31.04",
"4566","時碩工業","2,685,112","1,768","154,088,512","56.80","58.20","56.10","57.70","+","1.30","57.70","4","57.80","1","10.76",
"4571","鈞興-KY","13,000","11","954,600","73.90","73.90","73.00","73.50"," ","0.00","73.20","1","73.60","3","10.90",
"4572","駐龍","326,106","299","38,075,558","119.00","119.00","115.00","117.00","-","1.00","116.50","7","117.00","6","23.73",
"4576","大銀微系統","235,074","237","15,830,559","67.20","68.50","66.60","67.30","+","0.30","67.30","4","67.60","1","22.74",
"4581","光隆精密-KY","9,016","9","291,570","32.65","32.65","31.60","32.55","-","0.30","31.60","5","32.60","1","10.60",
"4583","台灣精銳","4,280","9","798,590","185.00","188.50","185.00","185.50","-","2.50","185.50","3","188.00","1","13.24",
"4720","德淵","336,107","137","4,790,526","14.20","14.35","14.15","14.15"," ","0.00","14.10","18","14.15","1","40.43",
"4722","國精化","86,074","49","2,871,625","33.25","33.40","33.25","33.35","+","0.10","33.35","4","33.45","6","8.30",
"4737","華廣","58,014","61","4,638,931","80.00","80.50","79.30","79.30","-","1.10","79.30","1","79.40","2","50.51",
"4739","康普","4,096,745","3,285","408,334,969","98.40","100.50","98.00","100.00","+","2.40","99.90","17","100.00","67","17.64",
"4746","台耀","1,048,243","719","61,476,067","59.10","59.70","57.70","57.70","-","1.40","57.70","7","57.80","7","0.00",
"4755","三福化","561,064","492","65,786,917","117.00","119.00","115.50","116.00","-","0.50","116.00","10","116.50","20","10.92",
"4763","材料-KY","3,555,283","4,173","591,608,107","163.50","170.50","163.00","165.00","+","1.00","165.00","2","165.50","31","11.10",
"4764","雙鍵","3,194","3","157,514","49.35","49.35","49.30","49.30","-","0.45","49.30","1","49.70","1","51.35",
"4766","南寶","27,370","31","3,670,317","134.00","134.50","133.50","133.50","-","0.50","133.00","15","134.00","3","10.25",
"4770","上品","1,144,316","1,014","351,843,079","305.50","314.00","300.00","300.00","-","5.00","299.50","8","300.00","9","15.21",
"4807","日成-KY","2,024","8","42,680","21.05","21.10","21.05","21.10","-","0.05","21.10","1","21.45","1","9.09",
"4904","遠傳","4,971,192","2,875","332,069,369","66.50","67.20","66.40","66.70","+","0.20","66.70","116","66.80","4","24.08",
"4906","正文","1,973,839","1,119","55,822,775","28.55","28.70","28.00","28.00","-","0.40","28.00","100","28.10","19","17.95",
"4912","聯德控股-KY","81,323","103","6,609,273","80.60","82.60","79.10","79.50","-","1.10","79.40","1","79.90","2","11.81",
"4915","致伸","11,079,548","6,340","644,285,499","58.30","58.90","57.30","57.80","-","0.40","57.80","163","57.90","134","10.00",
"4916","事欣科","3,562,708","2,343","89,794,500","24.75","26.15","23.95","25.50","+","0.50","25.45","20","25.50","54","40.48",
"4919","新唐","9,880,234","7,472","1,201,140,735","124.00","124.50","120.00","120.00","-","3.50","120.00","398","120.50","43","10.96",
"4927","泰鼎-KY","2,778,375","1,771","160,144,535","58.50","58.60","56.50","57.00","-","1.40","56.80","5","57.10","20","7.82",
"4930","燦星網","75,071","81","1,984,025","26.50","26.55","26.30","26.30","-","0.25","26.25","2","26.40","1","6.94",
"4934","太極","609,552","384","16,365,508","27.20","27.20","26.55","27.20","+","0.15","26.70","1","27.20","37","0.00",
"4935","茂林-KY","98,264","79","6,151,695","63.00","63.20","62.10","62.10","-","0.80","62.10","5","62.20","1","7.25",
"4938","和碩","3,764,409","2,213","226,627,443","60.20","60.50","59.70","60.20"," ","0.00","60.20","984","60.30","11","8.97",
"4942","嘉彰","104,982","76","3,807,095","36.05","36.50","36.05","36.20","+","0.10","36.20","1","36.30","2","6.37",
"4943","康控-KY","915,333","512","6,110,332","6.18","6.74","6.18","6.74","+","0.61","6.74","270","--","0","0.00",
"4952","凌通","354,554","301","17,503,377","50.00","50.10","49.00","49.10","-","0.55","49.10","1","49.15","5","7.41",
"4956","光鋐","194,013","108","2,799,700","14.60","14.65","14.25","14.40","-","0.25","14.35","1","14.45","1","57.60",
"4958","臻鼎-KY","1,917,371","1,240","225,923,646","119.00","119.00","117.00","117.50","-","1.50","117.50","7","118.00","123","7.73",
"4960","誠美材","967,062","391","9,626,096","9.98","10.05","9.91","9.92"," ","0.00","9.92","8","9.93","8","10.78",
"4961","天鈺","2,580,747","2,098","317,369,821","125.50","126.00","120.50","120.50","-","4.00","120.50","110","121.00","24","5.45",
"4967","十銓","150,454","272","4,524,989","30.55","30.55","29.95","29.95","-","0.40","29.95","2","30.10","1","0.00",
"4968","立積","12,250,827","9,427","1,579,160,590","128.50","131.50","126.00","129.50","+","2.00","129.50","38","130.00","131","175.00",
"4976","佳凌","321,461","273","12,596,415","39.55","40.00","38.65","38.65","-","0.75","38.65","4","38.70","1","0.00",
"4977","眾達-KY","5,919,207","4,810","541,740,075","95.70","96.10","88.90","90.30","-","4.40","90.20","8","90.30","20","21.97",
"4989","榮科","152,650","118","3,972,634","26.10","26.55","25.55","25.70","-","0.30","25.70","2","25.85","1","9.70",
"4994","傳奇","39,509","99","1,646,256","42.00","42.00","41.30","41.70","+","0.05","41.45","2","41.70","3","63.18",
"4999","鑫禾","13,744","34","503,007","36.60","36.65","36.50","36.50","-","0.20","36.55","1","36.60","1","8.65",
"5007","三星","41,520","44","2,162,060","52.10","52.30","51.80","51.90","-","0.20","51.90","1","52.10","1","14.87",
"5203","訊連","272,386","224","23,130,606","84.50","85.70","84.00","84.90","+","1.60","84.90","1","85.00","17","0.00",
"5215","科嘉-KY","244,858","218","12,138,240","49.90","50.40","49.10","49.10","-","0.80","49.10","3","49.20","2","8.98",
"5222","全訊","394,992","358","52,440,805","134.50","135.00","130.50","130.50","-","3.00","130.50","12","131.00","1","40.53",
"5225","東科-KY","819,126","593","30,117,324","37.10","37.50","36.15","36.15","-","0.85","36.15","2","36.25","13","3.34",
"5234","達興材料","86,190","47","5,819,464","67.40","68.20","67.40","67.40","-","0.20","67.40","3","67.80","2","13.67",
"5243","乙盛-KY","808,800","626","46,945,344","58.40","58.70","57.70","57.70","-","0.60","57.70","13","57.80","4","14.21",
"5244","弘凱","52,040","40","1,227,802","23.65","23.75","23.50","23.70"," ","0.00","23.55","1","23.70","1","7.77",
"5258","虹堡","6,355,918","4,061","430,800,744","68.90","69.10","66.30","67.00","-","1.00","67.00","26","67.10","14","10.36",
"5269","祥碩","1,198,653","1,464","903,435,677","754.00","762.00","742.00","751.00","+","2.00","751.00","7","752.00","4","17.29",
"5283","禾聯碩","24,657","37","2,530,538","102.50","103.00","102.50","102.50","-","0.50","102.50","10","103.00","9","9.99",
"5284","jpp-KY","641,138","673","36,512,931","58.00","58.00","55.90","55.90","-","2.00","55.90","3","56.10","5","14.01",
"5285","界霖","233,790","213","15,300,374","65.30","66.30","64.80","64.90","-","0.90","64.90","7","65.00","2","13.49",
"5288","豐祥-KY","64,002","48","10,763,838","168.00","169.50","166.50","168.00","-","1.00","168.00","1","168.50","4","14.25",
"5306","桂盟","128,109","286","20,073,440","157.50","157.50","156.00","157.00","+","1.00","156.00","1","157.00","1","9.22",
"5388","中磊","16,501,505","10,265","1,366,797,965","82.90","84.70","81.50","82.70","+","1.60","82.60","32","82.70","12","12.74",
"5434","崇越","215,553","700","35,783,391","168.00","168.00","164.50","164.50","-","2.50","164.50","5","165.00","3","9.68",
"5469","瀚宇博","1,928,216","710","65,906,491","33.85","34.45","33.85","34.05","+","0.10","34.05","19","34.10","34","5.07",
"5471","松翰","384,157","442","18,776,885","49.10","49.70","48.55","48.55","-","0.50","48.50","126","48.55","3","9.69",
"5484","慧友","23,151","19","319,779","13.50","14.00","13.50","13.60","-","0.30","13.60","2","13.80","1","0.00",
"5515","建國","86,314","50","962,370","11.15","11.15","11.10","11.15"," ","0.00","11.15","1","11.20","30","18.28",
"5519","隆大","158,659","109","3,526,210","22.20","22.25","22.20","22.25","+","0.05","22.20","46","22.25","19","4.94",
"5521","工信","195,926","232","1,259,102","6.45","6.46","6.40","6.41","-","0.03","6.41","3","6.43","12","0.00",
"5522","遠雄","445,433","400","23,550,569","52.70","53.10","52.70","53.00","+","0.10","52.80","5","53.00","4","6.01",
"5525","順天","29,000","22","697,050","24.25","24.25","23.90","24.20"," ","0.00","24.05","1","24.15","2","10.71",
"5531","鄉林","1,030,755","468","9,874,942","9.46","9.78","9.43","9.46","+","0.01","9.43","30","9.46","1","0.00",
"5533","皇鼎","49,060","31","864,453","17.70","17.70","17.55","17.55","-","0.15","17.55","29","17.60","7","3.04",
"5534","長虹","129,985","97","9,341,601","71.80","72.00","71.80","71.90","+","0.10","71.80","31","71.90","23","6.89",
"5538","東明-KY","26,100","30","1,087,656","41.70","41.85","41.10","41.70"," ","0.00","40.90","1","41.70","2","7.28",
"5546","永固-KY","28,000","25","1,366,650","48.30","50.20","48.30","48.95","+","0.45","48.60","2","49.00","1","24.48",
"5607","遠雄港","893,815","434","50,046,094","55.50","56.90","55.40","55.70"," ","0.00","55.60","1","55.80","23","14.74",
"5608","四維航","21,465,776","9,830","534,339,419","24.30","25.40","24.15","24.80","+","0.85","24.80","150","24.85","2","3.36",
"5706","鳳凰","324,982","297","17,109,344","52.70","53.20","52.10","52.10","-","0.20","52.10","13","52.40","1","0.00",
"5871","中租-KY","3,297,758","3,439","636,752,207","192.00","195.50","191.00","192.50","+","1.00","192.00","100","192.50","32","12.49",
"5871A","中租-KY甲特","32,009","19","3,081,356","96.20","96.30","96.20","96.30","+","0.10","96.30","1","96.40","12","0.00",
"5876","上海商銀","5,794,752","2,216","268,241,957","45.85","46.50","45.80","46.50","+","0.45","46.45","85","46.50","324","12.70",
"5880","合庫金","15,249,849","4,458","400,039,725","26.30","26.35","26.05","26.30"," ","0.00","26.25","148","26.30","152","18.92",
"5906","台南-KY","6,210","9","189,251","30.50","30.90","30.00","30.90","-","0.40","30.05","1","30.50","2","10.10",
"5907","大洋-KY","67,000","52","894,050","13.35","13.40","13.30","13.40"," ","0.00","13.35","24","13.40","1","0.00",
"6005","群益證","1,911,574","682","21,616,560","11.20","11.40","11.15","11.35","+","0.10","11.30","37","11.35","313","14.74",
"6024","群益期","183,565","122","6,650,605","36.20","36.30","36.20","36.20","-","0.05","36.15","24","36.20","16","11.95",
"6108","競國","146,036","75","2,458,756","17.00","17.00","16.50","16.90"," ","0.00","16.85","2","16.90","10","22.84",
"6112","邁達特","27,667","36","884,707","32.00","32.00","31.95","32.00"," ","0.00","31.95","4","32.00","31","13.33",
"6115","鎰勝","49,889","77","2,095,098","42.05","42.10","41.80","41.95","-","0.10","41.95","1","42.00","13","9.76",
"6116","彩晶","3,906,013","1,121","44,926,124","11.55","11.60","11.45","11.45","-","0.05","11.45","163","11.50","201","88.08",
"6117","迎廣","124,797","151","1,767,457","14.45","14.45","14.05","14.15","-","0.15","14.15","2","14.20","5","108.85",
"6120","達運","437,237","294","4,002,715","9.18","9.28","9.08","9.10","-","0.03","9.10","8","9.12","35","0.00",
"6128","上福","78,454","60","2,315,981","29.70","29.70","29.35","29.50","-","0.10","29.40","1","29.50","3","5.81",
"6133","金橋","10,486,403","5,022","282,925,396","27.20","27.70","26.20","26.20","-","0.70","26.20","44","26.25","6","47.64",
"6136","富爾特","60,243","41","1,088,721","18.00","18.15","18.00","18.10"," ","0.00","18.05","11","18.10","4","12.66",
"6139","亞翔","1,079,732","697","35,299,707","33.00","33.25","32.10","32.15","-","0.65","32.10","42","32.15","6","8.44",
"6141","柏承","2,000","2","38,450","19.30","19.30","19.15","19.15","-","0.05","19.10","2","19.15","1","19.54",
"6142","友勁","426,850","210","4,138,555","9.65","9.75","9.65","9.65"," ","0.00","9.65","37","9.68","4","3.39",
"6152","百一","1,299,106","536","14,693,120","11.50","11.60","11.10","11.10","-","0.40","11.10","57","11.15","4","11.33",
"6153","嘉聯益","5,680,689","2,616","156,004,464","27.85","28.00","27.15","27.20","-","0.45","27.20","97","27.25","49","108.80",
"6155","鈞寶","78,080","54","1,745,554","22.30","22.65","22.25","22.35","-","0.15","22.35","7","22.40","10","9.31",
"6164","華興","4,714,572","1,699","50,346,878","9.97","10.90","9.97","10.90","+","0.95","10.90","1,226","--","0","43.60",
"6165","浪凡","93,011","59","2,494,543","27.00","27.00","26.75","26.80","-","0.20","26.75","7","26.80","2","2,680.00",
"6166","凌華","112,070","72","5,871,766","52.30","53.00","52.00","52.00","-","0.30","52.10","2","52.20","5","13.76",
"6168","宏齊","739,391","399","13,537,082","18.35","18.45","18.05","18.40","+","0.20","18.40","15","18.45","31","9.89",
"6176","瑞儀","1,171,794","764","120,180,893","103.50","104.00","102.00","102.00","-","1.50","102.00","388","102.50","96","7.25",
"6177","達麗","348,004","179","10,012,122","28.80","28.90","28.50","28.60","-","0.05","28.55","3","28.60","1","5.09",
"6183","關貿","66,717","89","4,070,814","62.00","62.10","60.10","60.50","-","0.80","60.30","2","60.50","2","17.74",
"6184","大豐電","11,014","8","528,426","48.00","48.05","47.90","47.90","-","0.10","47.75","1","47.85","1","12.84",
"6189","豐藝","93,800","120","3,551,241","37.90","38.00","37.80","37.85","-","0.10","37.85","1","37.90","8","8.70",
"6191","精成科","830,044","457","24,500,536","29.40","29.80","29.40","29.40"," ","0.00","29.40","63","29.45","14","5.30",
"6192","巨路","64,233","170","4,552,954","71.10","71.20","70.70","70.80","-","0.30","70.70","10","71.00","3","7.56",
"6196","帆宣","4,713,314","3,864","580,672,496","126.00","127.50","119.50","120.00","-","1.50","119.50","29","120.00","7","10.75",
"6197","佳必琪","56,825","69","2,198,017","38.75","39.05","38.60","38.60","-","0.20","38.60","2","38.70","1","9.30",
"6201","亞弘電","1,087","3","43,218","39.60","39.60","39.60","39.60"," ","0.00","39.45","2","39.50","1","11.61",
"6202","盛群","1,085,037","992","76,919,441","72.40","72.50","70.20","70.30","-","1.70","70.20","14","70.30","1","10.20",
"6205","詮欣","737,817","545","56,623,334","78.10","78.10","76.40","76.60","-","0.90","76.60","10","76.70","10","21.64",
"6206","飛捷","299,493","299","20,567,989","68.50","69.10","68.10","68.10","-","0.40","68.10","12","68.20","1","8.15",
"6209","今國光","391,117","207","10,438,791","26.70","27.00","26.35","26.35","-","0.45","26.35","7","26.40","16","69.34",
"6213","聯茂","3,972,756","2,719","302,309,454","77.20","77.80","75.00","75.00","-","2.20","75.00","149","75.10","7","11.68",
"6214","精誠","181,537","194","12,396,130","67.60","68.50","67.60","68.40","+","0.40","68.30","4","68.40","5","18.49",
"6215","和椿","87,298","66","1,798,035","20.75","20.75","20.45","20.50","-","0.15","20.50","2","20.55","12","7.79",
"6216","居易","265,062","173","6,886,460","25.90","26.40","25.70","25.75","-","0.15","25.70","22","25.80","20","9.87",
"6224","聚鼎","90,845","107","5,108,896","56.00","56.70","55.90","56.60","+","0.70","56.30","1","56.60","2","28.59",
"6226","光鼎","1,522,141","552","17,004,734","10.60","11.30","10.60","11.30","+","1.00","11.30","8,251","--","0","1,130.00",
"6230","尼得科超眾","519,951","517","67,189,308","120.00","130.50","119.00","130.50","+","11.50","130.50","31","--","0","28.25",
"6235","華孚","8,702,563","4,486","313,359,897","35.90","36.55","35.55","35.70","+","0.05","35.70","37","35.75","116","22.17",
"6239","力成","1,379,400","2,324","115,179,919","83.80","84.20","83.10","83.10","-","1.20","83.10","9","83.40","2","6.31",
"6243","迅杰","121,085","108","3,343,788","27.75","27.90","27.20","27.45","-","0.75","27.40","4","27.50","14","13.20",
"6257","矽格","808,758","575","40,465,572","50.10","50.30","49.90","50.00","-","0.10","50.00","20","50.10","37","6.56",
"6269","台郡","1,878,108","1,736","199,768,145","109.00","109.00","104.50","105.50","-","3.50","105.00","28","105.50","54","7.94",
"6271","同欣電","924,007","1,709","182,313,919","196.50","199.00","195.50","196.50"," ","0.00","196.00","14","196.50","1","10.29",
"6277","宏正","14,337","23","1,107,293","77.30","77.30","77.20","77.20","-","0.30","77.20","4","77.30","1","13.31",
"6278","台表科","1,117,203","1,601","104,782,722","94.40","94.50","92.80","93.00","-","1.30","93.00","18","93.10","2","6.13",
"6281","全國電","22,573","32","1,842,714","82.00","82.00","81.50","81.80","+","0.30","81.50","10","82.00","9","13.05",
"6282","康舒","7,915,562","3,585","238,818,104","30.05","30.40","29.85","29.85","-","0.10","29.85","27","29.90","1","18.54",
"6283","淳安","439,814","307","15,699,991","36.20","36.40","35.05","35.05","-","0.45","35.05","3","35.10","6","92.24",
"6285","啟碁","6,554,554","4,464","557,270,474","85.10","86.20","83.90","84.00","-","1.50","83.90","135","84.00","1","13.73",
"6288","聯嘉","619,474","398","14,275,732","22.75","23.50","22.75","23.00","+","0.30","22.95","11","23.00","4","104.55",
"6405","悅城","7,000","7","140,400","20.10","20.20","19.95","20.20"," ","0.00","20.10","1","20.20","2","19.61",
"6409","旭隼","200,714","210","330,744,556","1,650.00","1,685.00","1,625.00","1,625.00","-","20.00","1,625.00","1","1,630.00","2","36.39",
"6412","群電","86,198","94","6,195,170","71.70","72.00","71.70","71.80"," ","0.00","71.70","14","71.80","1","8.70",
"6414","樺漢","445,704","540","91,007,183","206.50","207.00","201.50","201.50","-","3.50","201.50","7","202.00","4","11.36",
"6415","矽力*-KY","1,358,731","1,214","666,930,160","495.00","499.50","484.00","485.50","-","5.50","485.50","4","487.00","1","28.36",
"6416","瑞祺電通","425,677","441","42,260,827","100.00","101.50","98.00","98.00","-","2.00","98.00","2","98.10","6","18.11",
"6426","統新","113,045","97","6,890,667","61.30","62.00","60.30","60.60","-","1.00","60.50","4","60.80","1","24.34",
"6431","光麗-KY","42,002","28","885,440","21.20","21.35","21.00","21.10","+","0.05","21.00","1","21.15","4","0.00",
"6438","迅得","179,396","151","15,612,465","86.90","87.50","86.80","86.90","-","0.10","86.90","4","87.00","3","8.43",
"6442","光聖","252,099","199","11,380,839","45.10","45.65","44.80","44.80","-","0.30","44.80","1","44.85","2","8.62",
"6443","元晶","6,006,238","3,446","194,751,037","32.65","32.80","32.10","32.15","-","0.35","32.10","153","32.15","28","49.46",
"6449","鈺邦","24,014","34","986,583","41.25","41.45","40.85","40.85","-","0.40","40.80","1","41.00","1","9.50",
"6451","訊芯-KY","170,119","148","13,326,681","79.30","79.30","77.90","78.00","-","1.30","77.90","4","78.10","1","46.15",
"6456","GIS-KY","1,863,587","1,318","162,986,153","88.90","88.90","86.80","86.80","-","1.40","86.80","8","87.00","6","7.30",
"6464","台數科","32,125","21","3,148,116","96.80","98.20","96.80","98.20","+","0.20","97.60","2","98.10","11","12.79",
"6477","安集","1,685,765","1,231","77,783,977","46.80","46.90","45.60","45.60","-","0.80","45.60","1","45.70","3","30.81",
"6491","晶碩","1,120,421","1,395","410,736,801","362.00","378.00","360.00","361.00","-","6.00","361.00","6","361.50","1","16.96",
"6504","南六","56,495","73","4,125,888","73.00","73.40","72.60","73.30","+","0.40","73.10","1","73.30","3","124.24",
"6505","台塑化","5,427,107","3,299","466,924,743","85.10","86.90","85.00","86.90","+","1.50","86.90","32","87.00","108","25.94",
"6515","穎崴","3,211,792","2,835","1,350,662,364","394.50","427.50","392.50","426.00","+","37.00","425.50","2","426.00","3","15.78",
"6525","捷敏-KY","117,113","153","8,306,169","71.40","71.40","70.40","70.60","-","0.60","70.50","1","70.60","1","8.95",
"6531","愛普*","9,117,026","8,563","1,909,268,972","213.00","213.50","205.00","207.50","-","6.00","207.50","13","208.00","9","13.85",
"6533","晶心科","8,277,184","12,773","4,560,007,328","581.00","582.00","529.00","538.00","-","43.00","538.00","6","540.00","17","52.54",
"6541","泰福-KY","1,652,781","1,261","58,460,600","36.50","36.60","34.15","34.50","-","2.65","34.50","8","34.65","3","0.00",
"6550","北極星藥業-KY","16,007,044","11,235","1,710,572,694","111.50","112.00","103.00","103.00","-","7.50","102.50","351","103.00","56","0.00",
"6552","易華電","36,066","28","1,114,274","31.00","31.50","30.80","30.85","-","0.10","30.85","1","31.30","1","15.05",
"6558","興能高","920,776","578","22,304,012","24.55","24.80","23.90","24.45","-","0.05","24.45","6","24.50","36","0.00",
"6573","虹揚-KY","28,000","15","378,300","13.60","13.60","13.50","13.55","+","0.10","13.50","1","13.60","4","0.00",
"6579","研揚","128,146","104","10,700,836","83.00","84.90","82.50","84.20","+","1.70","84.00","11","84.30","1","11.63",
"6581","鋼聯","247,968","287","23,492,352","95.00","95.90","94.00","94.10","+","1.10","94.00","8","94.60","3","10.34",
"6582","申豐","888,979","883","52,658,408","55.90","61.10","55.90","59.70","+","4.10","59.70","4","59.80","16","14.01",
"6585","鼎基","42,000","35","2,200,100","53.10","53.10","51.70","51.70","-","1.40","51.90","1","52.00","1","14.16",
"6591","動力-KY","61,254","68","2,539,271","42.00","42.00","41.20","41.40","-","0.20","41.20","1","41.40","1","5.62",
"6592","和潤企業","328,189","309","32,777,171","100.50","101.00","99.30","99.30","-","1.20","99.30","2","99.50","2","15.56",
"6592A","和潤企業甲特","19,000","14","1,772,000","93.40","93.40","93.10","93.10","-","0.30","93.10","1","93.40","4","0.00",
"6598","ABC-KY","129,045","119","3,490,650","27.25","27.70","26.70","26.90","-","0.80","26.90","2","27.00","4","0.00",
"6605","帝寶","438,503","282","31,964,634","73.20","73.80","72.40","72.60","-","0.80","72.60","3","72.80","1","6.77",
"6625","必應","14,116","17","453,022","32.20","32.20","32.00","32.10","-","0.10","32.05","1","32.10","1","0.00",
"6641","基士德-KY","2,000","2","104,200","52.00","52.20","52.00","52.20","+","0.20","51.90","1","52.40","1","9.24",
"6655","科定","16,325","27","2,150,577","131.50","133.00","130.50","130.50","-","1.00","130.50","1","132.50","1","17.13",
"6666","羅麗芬-KY","193,199","214","13,428,883","69.60","71.10","68.10","68.40","-","1.00","68.30","1","68.40","1","31.67",
"6668","中揚光","556,000","429","21,291,250","38.30","39.40","37.15","37.15","-","0.60","37.10","3","37.50","5","0.00",
"6669","緯穎","957,055","932","821,595,019","868.00","871.00","845.00","855.00","-","10.00","853.00","24","855.00","24","11.64",
"6670","復盛應用","358,908","383","74,284,493","206.00","209.00","205.50","205.50","+","0.50","205.50","4","206.00","5","6.28",
"6671","三能-KY","5,000","5","190,200","38.05","38.15","38.00","38.15","-","0.25","38.00","1","38.25","2","15.32",
"6672","騰輝電子-KY","1,397,780","1,273","100,054,328","72.00","73.20","70.20","70.20","-","1.90","70.20","2","70.30","1","10.20",
"6674","鋐寶科技","2,000","2","44,400","22.00","22.40","22.00","22.40","-","0.10","22.20","1","22.35","2","248.89",
"6689","伊雲谷","358,181","369","29,652,460","84.50","85.00","81.40","81.70","-","2.80","81.70","2","81.90","1","53.40",
"6691","洋基工程","97,146","565","18,647,601","194.00","194.00","190.50","191.50","-","1.00","191.00","5","191.50","3","8.21",
"6695","芯鼎","1,257,423","1,148","61,743,769","50.80","51.00","47.80","47.80","-","2.50","47.80","15","47.95","2","29.33",
"6698","旭暉應材","160,207","133","4,801,978","29.20","30.45","29.20","29.70","+","0.70","29.65","4","29.80","2","297.00",
"6706","惠特","611,483","708","54,611,488","91.00","91.00","88.60","88.60","-","1.80","88.60","18","88.70","1","5.18",
"6715","嘉基","188,210","133","24,570,290","132.00","133.50","129.00","129.00","-","3.50","129.00","1","129.50","6","16.17",
"6719","力智","3,790,810","3,835","1,042,794,030","272.50","280.50","270.00","270.50","+","0.50","270.50","37","271.00","16","14.59",
"6743","安普新","455,797","439","16,156,193","33.70","36.50","33.60","35.40","+","1.90","35.35","2","35.75","1","153.91",
"6754","匯僑設計","466,339","420","25,528,475","56.20","57.00","52.70","53.40","-","2.00","53.30","4","53.50","1","10.55",
"6756","威鋒電子","899,552","1,398","189,954,743","211.50","214.00","208.50","208.50","-","2.00","208.50","4","209.50","2","15.38",
"6768","志強-KY","642,390","537","50,464,606","79.50","79.80","77.70","78.00","-","1.00","77.90","10","78.00","3","9.52",
"6770","力積電","13,759,670","6,057","455,882,115","33.25","33.45","32.85","32.90","-","0.40","32.85","174","32.90","23","5.02",
"6776","展碁國際","53,670","50","2,082,544","39.15","39.15","38.65","38.75","-","0.40","38.80","2","38.90","2","7.73",
"6781","AES-KY","3,481,275","3,368","2,597,290,851","709.00","771.00","708.00","771.00","+","70.00","771.00","6,264","--","0","21.18",
"6789","采鈺","1,357,862","1,385","293,372,812","218.00","218.50","213.00","216.50","-","0.50","216.00","1","216.50","16","33.36",
"6790","永豐實","81,431","87","2,909,634","35.90","35.90","35.60","35.65","-","0.20","35.60","2","35.70","2","12.17",
"6792","詠業","78,226","61","5,853,690","74.70","75.20","74.20","74.20","-","0.80","74.20","1","74.70","1","12.88",
"6796","晉弘","240,542","222","19,050,851","80.80","80.80","77.60","77.60","-","3.60","77.60","6","78.40","2","32.47",
"6799","來頡","453,134","1,248","54,047,367","120.00","121.50","116.50","117.50","-","3.50","117.50","3","118.00","2","14.45",
"6806","森崴能源","626,137","554","39,784,450","62.70","64.10","62.70","62.70"," ","0.00","62.70","4","63.00","1","51.39",
"6807","峰源-KY","5,000","5","127,350","25.75","25.75","25.25","25.75","-","0.05","25.30","1","25.70","1","6.55",
"6830","汎銓","65,899","678","6,026,047","93.00","93.10","90.80","90.90","-","2.20","90.80","2","90.90","1","15.73",
"6834","天二科技","39,007","30","966,622","24.70","24.95","24.70","24.80","-","0.10","24.80","1","24.95","5","10.83",
"6835","圓裕","336,118","202","13,795,501","40.75","41.65","40.50","40.80","+","0.10","40.75","1","40.80","1","11.72",
"6854","錼創科技-KY創","7,029","9","667,728","95.00","95.00","95.00","95.00","-","1.00","94.50","2","96.00","1","0.00",
"8011","台通","193,986","204","2,744,015","14.15","14.30","14.05","14.05","-","0.10","14.05","29","14.10","1","0.00",
"8016","矽創","1,014,717","1,105","191,963,609","191.00","191.50","188.00","188.50","-","3.50","188.00","41","188.50","7","4.49",
"8021","尖點","162,633","126","4,760,390","29.20","29.60","29.10","29.20"," ","0.00","29.20","1","29.25","2","11.14",
"8028","昇陽半導體","1,869,915","1,318","102,501,951","55.50","55.50","54.10","54.10","-","0.80","54.10","7","54.20","2","20.65",
"8033","雷虎","12,313,651","7,620","492,776,441","41.10","41.75","38.50","38.50","-","4.05","38.50","276","38.55","22","3,850.00",
"8039","台虹","86,484","82","3,657,694","42.65","42.65","42.15","42.30","-","0.30","42.10","18","42.30","7","10.93",
"8046","南電","16,116,428","12,848","4,414,083,472","271.00","278.00","270.00","271.00","+","1.00","271.00","123","271.50","73","9.83",
"8070","長華*","310,538","186","9,903,618","31.90","32.05","31.75","31.80","+","0.05","31.75","19","31.80","1","9.11",
"8072","陞泰","3,193,454","2,218","102,534,217","32.40","33.15","30.55","31.00","-","1.20","30.95","1","31.00","7","24.80",
"8081","致新","543,568","689","78,530,080","146.00","146.50","143.00","143.00","-","2.50","143.00","7","143.50","7","5.20",
"8101","華冠","85,003","50","513,130","6.05","6.05","6.00","6.02","-","0.01","6.00","5","6.03","5","1.50",
"8103","瀚荃","166,831","127","5,461,610","32.25","32.95","32.25","32.65","+","0.40","32.65","4","32.70","1","6.64",
"8104","錸寶","161,770","128","5,369,217","33.40","33.40","33.00","33.05","-","0.30","33.00","12","33.10","9","67.45",
"8105","凌巨","1,913,822","722","25,486,729","13.40","13.55","13.10","13.10","-","0.20","13.10","3","13.15","7","7.94",
"8110","華東","438,998","217","5,524,472","12.55","12.65","12.50","12.55","+","0.05","12.50","16","12.55","8","12.94",
"8112","至上","1,077,069","713","40,055,154","37.10","37.40","36.90","36.95","-","0.15","36.90","52","36.95","1","6.18",
"8112A","至上甲特","6,561","10","274,655","41.75","42.00","41.75","42.00","+","0.25","41.80","2","42.00","1","0.00",
"8114","振樺電","866,490","778","102,917,859","120.00","120.50","117.00","117.00","-","2.50","117.00","93","118.00","13","9.17",
"8131","福懋科","148,810","104","5,854,262","39.40","39.50","39.20","39.40"," ","0.00","39.20","4","39.40","2","7.93",
"8150","南茂","2,113,991","1,260","71,263,675","33.65","34.00","33.50","33.50","-","0.15","33.50","62","33.55","21","5.26",
"8163","達方","449,340","280","17,632,964","39.05","39.50","39.05","39.15","+","0.10","39.10","1","39.15","9","9.10",
"8201","無敵","36,028","31","398,753","11.10","11.10","11.00","11.05","-","0.05","11.05","2","11.10","7","0.00",
"8210","勤誠","270,884","227","19,784,832","73.60","73.60","72.50","72.60","-","1.20","72.60","13","72.90","4","8.79",
"8213","志超","245,575","199","8,816,092","35.85","36.20","35.70","35.95","-","0.15","35.85","1","35.95","3","4.65",
"8215","明基材","1,307,652","877","41,406,451","32.00","32.00","31.40","31.40","-","0.60","31.40","15","31.45","7","7.46",
"8222","寶一","43,602,026","20,773","1,202,704,683","27.60","28.80","26.00","27.20","+","0.20","27.20","7","27.25","7","388.57",
"8249","菱光","923,618","623","25,119,450","28.05","28.05","26.65","26.80","-","1.05","26.75","17","26.80","5","10.81",
"8261","富鼎","9,533,191","6,348","1,063,797,332","111.00","113.00","110.00","110.50"," ","0.00","110.50","222","111.00","25","12.59",
"8271","宇瞻","121,861","98","5,102,100","42.30","42.30","41.70","41.70","-","0.40","41.70","10","41.75","2","9.12",
"8341","日友","197,735","549","27,547,031","139.50","141.00","138.00","139.00","-","1.00","138.50","5","139.50","10","16.13",
"8367","建新國際","13,404","95","457,457","34.10","34.15","34.10","34.15","-","0.05","34.10","1","34.15","4","11.35",
"8374","羅昇","43,154","26","1,214,123","28.00","28.45","28.00","28.00","-","0.30","28.00","23","28.15","3","28.28",
"8404","百和興業-KY","146,003","37","3,896,128","26.70","26.75","26.40","26.60"," ","0.00","26.55","5","26.65","1","10.11",
"8411","福貞-KY","193,189","180","2,412,317","12.55","12.55","12.45","12.50","-","0.05","12.45","3","12.50","1","0.00",
"8422","可寧衛","103,789","259","17,849,302","173.00","173.00","171.50","172.00","-","1.00","171.50","6","172.00","15","15.71",
"8429","金麗-KY","41,621","116","390,264","9.39","9.39","9.34","9.34","-","0.04","9.34","4","9.36","3","0.00",
"8438","昶昕","15,512","27","397,187","25.90","25.90","25.35","25.45","-","0.10","25.55","2","25.60","4","12.18",
"8442","威宏-KY","208,187","153","15,942,991","75.00","77.70","75.00","77.00","+","1.60","77.00","7","77.20","2","8.51",
"8443","阿瘦","92,277","131","1,020,219","11.25","11.25","10.90","11.15","-","0.05","11.05","1","11.10","6","0.00",
"8454","富邦媒","554,514","1,081","330,002,314","597.00","600.00","588.00","597.00","+","8.00","597.00","11","598.00","4","39.17",
"8462","柏文","471,653","475","57,175,765","113.50","123.00","113.50","121.00","+","9.00","120.50","2","121.00","4","51.27",
"8463","潤泰材","121,791","59","2,507,652","20.95","20.95","20.25","20.55","-","0.05","20.55","2","20.60","9","0.00",
"8464","億豐","278,902","309","77,594,404","280.50","282.00","276.00","277.50","-","3.00","277.00","7","278.00","1","13.25",
"8466","美吉吉-KY","21,000","17","860,050","40.85","41.45","40.75","41.00","-","0.50","41.00","1","41.25","3","14.24",
"8467","波力-KY","15,050","25","856,950","57.00","57.40","56.70","56.70","-","0.30","56.60","3","56.80","1","7.10",
"8473","山林水","24,099","40","647,284","27.00","27.00","26.75","27.00","-","0.20","26.95","1","27.00","3","0.00",
"8478","東哥遊艇","7,700,862","8,274","2,429,039,599","308.50","322.00","304.50","320.00","+","11.50","319.50","2","320.00","25","17.52",
"8480","泰昇-KY","25,066","15","2,120,077","84.50","84.60","84.50","84.60"," ","0.00","84.50","1,211","84.60","24","20.19",
"8481","政伸","4,000","4","225,600","56.50","56.50","56.30","56.50"," ","0.00","56.40","1","56.60","1","10.91",
"8482","商億-KY","1,000","1","70,400","70.40","70.40","70.40","70.40"," ","0.00","70.00","2","70.30","1","7.85",
"8488","吉源-KY","2,475","5","36,896","15.10","15.10","14.70","14.70","-","0.40","14.65","2","14.80","1","0.00",
"8499","鼎炫-KY","11,100","21","1,135,768","103.50","103.50","101.00","102.00","-","1.50","101.50","1","102.50","4","6.75",
"8926","台汽電","1,825,322","1,372","61,655,247","34.15","34.50","33.45","33.50","-","0.55","33.50","33","33.55","3","38.51",
"8940","新天地","95,792","86","1,537,786","16.30","16.30","16.00","16.05","+","0.05","16.00","2","16.10","17","0.00",
"8996","高力","29,223,047","18,676","4,841,998,007","164.00","169.50","161.00","161.50","-","1.50","161.00","171","161.50","23","62.60",
"9103","美德醫療-DR","229,078","56","1,595,993","6.93","7.02","6.93","6.96","+","0.06","6.96","17","6.97","2","0.00",
"910322","康師傅-DR","7,047","12","169,454","24.10","24.10","24.00","24.00","-","0.50","23.95","2","24.45","1","0.00",
"9105","泰金寶-DR","2,397,580","667","9,194,727","3.88","3.88","3.82","3.82","-","0.05","3.82","12","3.83","5","0.00",
"910861","神州-DR","56,276","22","367,818","6.54","6.59","6.53","6.59","+","0.02","6.52","3","6.59","3","0.00",
"9110","越南控-DR","0","0","0","--","--","--","--"," ","0.00","2.95","1","3.00","23","0.00",
"911608","明輝-DR","135,000","19","337,650","2.52","2.53","2.49","2.52","-","0.01","2.49","3","2.51","1","0.00",
"911622","泰聚亨-DR","14,000","6","70,460","5.03","5.04","5.03","5.04","+","0.01","5.04","6","5.10","17","0.00",
"911868","同方友友-DR","118,000","20","135,780","1.16","1.16","1.15","1.16"," ","0.00","1.15","20","1.16","66","0.00",
"912000","晨訊科-DR","734,200","110","1,806,560","2.47","2.50","2.43","2.43","-","0.04","2.43","40","2.44","7","0.00",
"9136","巨騰-DR","266,000","72","1,679,880","6.31","6.37","6.27","6.28","+","0.01","6.27","20","6.28","4","0.00",
"9802","鈺齊-KY","920,937","722","139,442,728","153.00","153.50","149.00","150.00","-","2.50","150.00","55","150.50","18","8.93",
"9902","台火","2,148,934","1,189","27,807,890","13.00","13.20","12.65","12.75","-","0.25","12.75","19","12.80","26","0.00",
"9904","寶成","219,217,029","2,819","6,928,281,880","31.70","31.95","31.60","31.70","+","0.10","31.65","65","31.70","19","5.39",
"9905","大華","38,528","29","944,120","24.50","24.55","24.50","24.55","+","0.15","24.50","6","24.55","12","15.74",
"9906","欣巴巴","31,000","31","1,380,000","44.55","44.80","44.35","44.55","-","0.40","44.50","1","44.55","1","7.80",
"9907","統一實","2,009,385","800","34,654,437","17.20","17.35","17.15","17.20","+","0.05","17.20","48","17.25","35","9.83",
"9908","大台北","63,430","67","1,998,637","31.65","31.65","31.35","31.45","-","0.20","31.40","2","31.45","3","18.83",
"9910","豐泰","511,912","1,011","94,657,447","184.50","187.00","182.50","185.00"," ","0.00","184.50","8","185.00","6","18.14",
"9911","櫻花","114,244","203","7,025,288","61.50","61.80","61.30","61.30","-","0.30","61.20","14","61.50","1","12.82",
"9912","偉聯","133,368","91","1,307,889","9.94","9.98","9.70","9.80","-","0.11","9.71","7","9.80","2","70.00",
"9914","美利達","461,635","451","84,614,550","183.50","185.00","181.50","182.50","-","0.50","182.50","1","183.00","7","12.19",
"9917","中保科","181,198","284","18,386,970","103.00","103.00","100.50","100.50","-","2.50","100.50","18","101.00","2","17.03",
"9918","欣天然","2,351","8","100,188","43.00","43.00","42.20","42.20","-","0.50","42.15","1","42.75","1","34.88",
"9919","康那香","5,425,571","1,486","92,801,880","17.30","17.65","16.75","16.80","-","0.40","16.75","69","16.80","75","0.00",
"9921","巨大","427,989","1,180","102,820,153","240.50","243.00","238.50","239.50","-","2.50","239.50","3","240.00","4","13.35",
"9924","福興","121,429","103","5,068,695","41.50","41.90","41.50","41.60","-","0.05","41.60","2","41.75","7","8.47",
"9925","新保","115,834","93","4,559,068","39.25","39.45","39.25","39.30","+","0.05","39.25","4","39.35","3","15.35",
"9926","新海","1,550","16","80,589","52.00","52.00","52.00","52.00"," ","0.00","51.90","1","52.10","2","20.47",
"9927","泰銘","183,317","127","6,789,929","36.90","37.30","36.90","36.95","+","0.05","36.95","1","37.00","13","8.34",
"9928","中視","2,173,011","958","48,976,599","21.20","22.65","21.20","22.65","+","2.05","22.65","601","--","0","453.00",
"9929","秋雨","75,161","30","639,625","8.64","8.64","8.47","8.49","-","0.15","8.50","2","8.55","14","0.00",
"9930","中聯資源","24,456","33","1,122,098","45.95","46.00","45.80","45.80","-","0.10","45.80","6","45.85","1","14.31",
"9931","欣高","2,382","9","93,175","39.10","39.20","39.10","39.20"," ","0.00","39.00","1","39.10","2","19.22",
"9933","中鼎","1,882,931","1,403","76,196,675","40.25","40.65","40.25","40.40","+","0.20","40.40","8","40.45","116","12.59",
"9934","成霖","480,734","188","6,564,805","13.55","13.70","13.55","13.65","+","0.10","13.60","62","13.65","10","0.00",
"9935","慶豐富","85,113","71","1,470,430","17.35","17.40","17.15","17.35","-","0.10","17.30","2","17.35","6","14.58",
"9937","全國","33,037","29","1,673,896","50.80","51.10","50.40","50.80","-","0.70","50.80","2","50.90","1","21.17",
"9938","百和","755,259","489","40,356,419","53.70","54.00","53.10","53.30","-","0.30","53.30","10","53.40","8","8.51",
"9939","宏全","369,019","337","30,310,978","82.30","82.70","81.80","81.80","-","0.50","81.80","16","81.90","2","10.54",
"9940","信義","83,073","85","2,410,663","29.00","29.10","28.90","29.05","-","0.05","29.00","3","29.05","1","12.85",
"9941","裕融","691,960","1,067","105,871,025","153.00","154.50","152.00","152.50"," ","0.00","152.00","51","152.50","20","15.50",
"9941A","裕融甲特","15,249","19","753,421","49.15","49.65","49.15","49.45","+","0.25","49.45","5","49.50","5","0.00",
"9942","茂順","516,185","397","57,200,102","113.50","113.50","110.00","110.00","-","2.00","110.00","11","110.50","9","15.76",
"9943","好樂迪","52,700","103","3,243,935","61.50","61.90","61.20","61.70","+","0.20","61.60","7","61.70","1","15.12",
"9944","新麗","67,297","35","1,379,399","20.50","20.55","20.45","20.45","-","0.05","20.40","15","20.45","7","4.20",
"9945","潤泰新","5,733,742","3,857","261,129,374","45.60","46.00","45.20","45.35","+","0.15","45.30","31","45.35","2","5.97",
"9946","三發地產","57,209","35","676,251","11.85","11.85","11.75","11.75","-","0.10","11.75","6","11.80","5","22.60",
"9955","佳龍","269,533","219","4,927,985","18.35","18.40","18.15","18.30","+","0.05","18.25","20","18.30","4","0.00",
"9958","世紀鋼","2,361,752","1,670","192,935,356","82.10","83.30","80.50","80.50","-","2.00","80.50","107","80.60","1","26.92",
